32 30 29 31 31 29 32 27 32 32 30 30 31 29 31 28 27 32 30 29 31 31 29 32 27 27 32 30 30 31 29 31 28 27 32 30 29 31 31 29 32 27 24 20 10 10 10 9 10 10 10 17 10 10 19 10 20 20 25 25 4 9 9 9 9 9 9 10 4 4 4 3 1 9 9 1 3 3 7 7 7 7 7 7 20 20 20 10 14 10 10 13 10 18 10 23 20 20 18 10 
10 10 10 20 10 10 10 17 20 10 10 20 20 10 10 20 23 17 17 20 20 10 17 17 20 18 18 20 20 10 10 18 17 20 10 10 18 10 10 13 10 10 10 17 10 20 32 25 25 12 9 9 9 9 4 9 3 4 4 3 21 3 9 9 4 3 4 7 7 7 7 20 18 17 20 10 23 23 23 19 10 10 23 22 20 20 20 20 20 10 20 20 10 22 10 10 18 18 18 10 
32 30 29 31 31 29 32 27 32 32 30 30 31 29 31 28 27 32 30 29 31 31 29 16 23 23 18 10 10 10 10 18 18 19 18 18 10 10 4 4 3 9 9 9 12 3 3 3 3 3 3 3 9 9 3 3 7 7 7 7 7 7 12 20 20 19 20 20 20 10 18 18 22 18 18 22 22 18 23 10 20 18 18 20 18 10 20 10 10 23 18 10 10 20 20 16 22 20 22 22 
32 30 29 31 31 29 32 27 32 32 30 30 31 29 31 28 27 32 30 29 31 31 29 27 18 20 20 10 9 9 9 23 21 20 22 23 18 22 4 4 12 9 9 9 9 3 3 3 3 4 4 3 9 9 9 9 7 7 7 7 7 7 7 7 7 20 20 20 22 20 18 18 18 20 22 17 18 20 20 18 18 18 20 22 10 20 20 18 32 20 10 18 20 18 20 20 20 10 10 10 
9 9 10 10 10 17 23 23 18 23 10 18 18 23 10 10 18 20 10 16 18 18 20 20 20 20 23 19 19 19 20 19 18 23 20 10 22 24 12 12 12 9 9 9 9 4 1 3 3 4 4 3 3 9 9 3 7 7 7 7 7 7 7 20 20 20 10 18 20 20 20 20 23 20 18 20 19 20 20 20 10 20 18 20 23 10 20 20 20 20 23 20 20 20 10 20 10 20 20 10 
20 19 20 20 10 10 10 18 18 20 20 18 23 18 10 20 18 10 16 16 18 18 17 23 10 10 18 20 20 22 22 20 20 20 18 25 4 4 9 9 9 3 3 3 3 3 4 4 3 3 9 9 13 7 7 7 7 7 7 7 7 8 7 7 22 20 19 22 22 20 23 10 16 10 23 18 10 18 22 20 18 22 22 23 20 18 19 22 18 22 16 18 18 18 20 20 22 20 20 20 
32 30 29 31 31 29 32 27 32 32 30 30 31 29 31 28 27 32 30 29 31 31 29 23 10 22 20 10 9 9 17 18 22 22 25 25 9 9 9 9 9 3 3 3 4 4 4 3 9 9 17 7 7 7 7 7 7 7 7 5 20 20 22 20 10 18 16 18 20 19 20 10 23 32 10 10 18 20 19 20 20 20 20 20 20 10 10 20 10 10 10 18 10 20 20 20 20 20 20 23 
20 18 20 20 10 10 18 18 18 18 20 20 23 17 22 23 18 20 22 20 19 10 30 10 22 19 32 20 22 20 23 20 20 22 20 18 20 20 20 23 20 20 20 20 23 19 20 20 25 25 12 12 9 9 20 3 4 4 4 3 4 3 9 17 9 3 7 7 7 7 7 7 7 7 18 22 18 18 20 20 16 20 20 20 20 20 20 18 19 20 10 10 18 18 20 23 20 20 20 20 
32 30 29 31 31 29 32 27 32 32 30 30 31 29 31 28 27 32 30 29 31 31 29 32 27 27 32 30 30 31 29 31 28 27 32 30 20 20 24 25 12 4 12 12 9 9 3 3 3 3 3 3 3 9 9 9 17 7 7 7 7 7 7 7 7 20 27 22 23 20 23 23 20 24 23 20 23 18 20 22 18 20 23 20 20 18 22 10 10 23 20 22 20 23 20 20 22 20 18 23 
10 20 22 19 10 10 10 10 10 10 10 20 20 17 17 23 10 17 23 23 18 23 20 10 20 10 10 10 22 10 23 10 10 25 25 4 12 9 9 9 9 3 3 4 4 3 9 9 9 9 7 7 7 7 7 7 7 20 20 20 20 23 23 23 20 23 23 20 19 23 20 10 23 17 20 20 23 10 23 20 10 20 23 20 20 10 20 20 17 10 10 23 23 20 10 23 10 20 23 10 
