30 29 29 32 30 29 30 31 30 30 29 29 32 29 30 30 31 30 30 29 32 30 29 30 31 31 30 29 29 32 29 30 30 31 30 30 29 32 30 29 30 31 18 19 21 19 17 17 21 21 21 17 22 24 22 21 22 28 28 28 28 28 28 15 15 15 16 16 16 6 6 6 6 6 6 6 7 3 7 7 27 27 27 28 28 28 22 19 19 18 18 17 17 21 21 21 21 17 18 21 
30 29 29 32 30 29 30 31 30 30 29 29 32 29 30 30 31 30 30 29 32 30 29 30 31 31 30 29 29 32 29 30 30 31 30 30 29 32 30 29 30 31 23 21 21 22 22 21 20 17 17 22 21 18 17 28 28 28 28 28 16 16 16 16 27 6 6 6 6 9 9 9 9 21 17 9 17 22 21 17 17 21 21 21 17 17 22 19 21 19 17 19 22 21 17 17 19 21 17 18 
30 29 29 32 30 29 30 31 30 30 29 29 32 29 30 30 31 30 30 29 32 30 29 30 31 31 30 29 29 32 29 30 31 31 30 30 29 32 30 29 30 22 21 22 21 17 17 21 19 21 17 17 19 21 18 19 28 28 28 26 16 16 16 25 6 6 6 9 7 10 19 21 22 19 21 17 17 21 22 20 19 21 21 19 17 19 19 23 22 19 21 21 22 21 17 17 19 19 18 17 
30 29 29 32 30 29 30 31 30 30 29 29 32 29 30 30 31 30 30 29 32 30 29 30 18 18 10 17 17 17 17 17 21 19 17 17 21 21 17 18 19 21 22 17 22 28 28 28 28 28 16 16 16 16 6 6 6 6 6 7 7 27 27 27 27 27 27 27 17 17 20 21 19 17 18 19 19 21 17 17 18 21 17 17 19 20 21 17 17 17 21 22 18 17 21 20 17 18 17 18 
30 29 29 32 30 29 30 31 30 30 29 29 32 29 30 30 31 30 30 29 32 30 29 19 21 22 21 21 21 18 17 17 21 21 21 18 17 18 21 22 18 17 18 26 28 28 28 28 15 15 16 16 16 27 6 6 6 6 6 4 7 27 27 27 27 22 22 10 19 19 17 22 21 21 17 18 19 21 21 17 19 22 21 21 17 17 18 18 21 17 17 22 18 18 17 18 22 19 17 17 
18 19 22 21 18 19 22 10 22 19 17 19 21 18 17 18 19 19 18 18 17 19 22 22 22 17 18 20 21 17 18 18 18 18 20 19 19 17 21 18 17 17 17 17 17 17 17 21 21 22 22 17 17 18 21 21 17 18 21 21 21 17 17 18 21 18 17 18 18 22 18 22 28 28 28 28 28 26 32 15 16 16 16 16 27 6 6 6 6 3 7 7 9 9 27 27 27 9 21 18 
30 29 29 32 30 29 30 31 30 30 29 29 32 29 30 30 31 30 30 29 32 30 29 30 22 21 22 18 20 19 18 21 19 17 21 21 20 18 28 28 28 28 27 16 16 16 16 27 6 6 6 6 7 9 9 8 23 19 17 17 21 22 17 17 18 18 20 17 17 18 20 22 21 20 21 18 21 19 21 21 18 21 18 18 17 17 21 19 17 18 17 19 21 21 17 17 17 21 21 17 
17 17 18 18 24 9 21 19 17 19 20 23 17 17 19 20 20 17 17 21 21 21 17 17 21 21 17 17 19 18 18 18 17 17 18 21 21 21 19 18 19 17 17 17 19 19 22 17 17 22 18 22 18 17 22 22 31 28 31 28 28 15 16 16 10 6 6 6 6 3 7 7 7 27 27 27 27 27 27 22 19 19 17 17 20 18 21 17 17 18 22 21 17 17 17 19 21 17 17 18 
21 22 17 17 19 19 18 17 18 21 20 17 17 18 21 22 17 19 19 12 18 17 17 17 21 22 17 17 18 22 19 17 19 18 19 19 17 21 21 21 17 17 17 21 21 18 17 18 21 22 17 17 18 19 21 18 17 18 19 19 17 17 17 11 17 17 22 18 28 28 28 28 15 15 15 10 27 6 3 3 3 3 27 27 27 27 27 27 27 27 22 22 17 19 19 17 18 18 18 19 
30 29 29 32 30 29 30 31 30 30 29 29 32 29 30 30 31 30 30 29 32 30 29 30 31 31 30 29 29 32 29 30 30 31 30 30 29 32 30 29 30 31 19 19 21 23 23 9 18 21 19 17 21 21 22 21 20 21 22 22 28 15 15 16 16 16 16 16 6 6 6 6 3 7 9 9 17 21 22 27 22 22 22 22 22 22 22 22 22 19 19 12 23 21 19 21 19 23 10 17 
30 29 29 32 30 29 30 31 30 30 29 29 32 29 30 30 31 30 30 29 32 30 29 30 22 22 18 18 17 17 19 17 17 21 17 21 22 17 18 18 21 17 17 22 28 28 28 28 27 16 6 6 3 2 7 27 27 27 27 27 27 28 27 28 32 32 18 17 17 22 22 18 17 18 18 17 17 18 17 19 19 17 17 18 18 18 17 17 17 18 18 18 17 22 17 22 20 17 17 18 
20 22 22 17 22 21 21 19 19 19 18 17 17 17 18 22 18 17 17 18 18 22 17 17 18 20 18 17 17 18 21 18 17 17 20 18 18 21 18 18 22 18 17 18 18 18 19 17 18 22 22 17 18 20 22 18 18 17 18 21 18 17 17 18 17 19 17 17 22 20 19 18 17 18 18 17 17 17 20 21 18 29 28 28 27 16 16 27 27 6 6 7 7 27 27 27 27 27 27 27 
30 29 29 32 30 29 30 31 30 30 29 29 32 29 30 30 31 30 30 29 32 30 29 30 19 22 18 18 17 20 8 23 17 17 21 19 22 28 28 28 28 28 15 16 16 16 27 6 6 6 6 7 27 27 27 27 27 27 27 22 22 22 17 17 22 19 17 17 19 18 21 19 21 17 21 21 22 17 17 19 22 21 17 17 17 21 21 17 18 17 21 21 17 17 21 21 19 18 17 22 
30 29 29 32 30 29 30 31 30 30 29 29 32 29 30 30 31 30 30 29 32 30 29 19 18 18 18 17 21 18 17 21 22 22 18 19 22 22 22 28 28 28 15 16 16 16 27 27 6 6 6 6 6 8 9 17 21 21 18 21 21 19 18 22 22 22 17 18 21 19 22 18 17 19 23 22 17 21 17 23 22 21 22 21 21 17 18 22 22 12 20 17 19 21 22 22 21 18 18 18 
30 29 29 32 30 29 30 31 30 30 29 29 32 29 30 30 31 30 30 29 32 30 29 8 21 21 22 10 21 21 18 18 18 17 17 18 22 28 28 28 28 15 16 16 16 16 16 27 6 6 6 6 7 7 27 27 28 28 28 28 28 28 22 17 18 21 18 18 22 22 22 22 17 17 17 21 17 17 17 21 21 17 17 17 18 21 18 17 17 18 21 18 17 18 22 21 21 21 18 17 
30 29 29 32 30 29 30 31 30 30 29 29 32 29 30 30 31 30 30 29 32 30 29 30 31 31 30 29 29 32 29 30 30 31 30 30 29 32 30 29 17 17 18 19 21 21 18 21 22 28 28 28 28 28 27 16 16 27 6 2 3 7 27 27 27 27 27 27 27 28 28 28 22 28 32 18 18 18 18 17 17 17 22 18 17 17 22 20 17 17 22 21 22 17 17 21 21 20 17 18 
30 29 29 32 30 29 30 31 30 30 29 29 32 29 30 30 31 30 30 29 32 30 29 30 31 31 30 29 17 18 22 22 21 21 22 17 17 18 21 22 28 28 28 28 28 15 15 15 14 16 16 27 6 6 2 3 3 3 6 3 7 27 27 28 28 28 28 28 28 28 18 18 18 21 18 18 17 18 20 18 17 17 21 22 22 17 18 21 21 21 17 17 17 18 22 18 17 17 21 21 
30 29 29 32 30 29 30 31 30 30 29 29 32 29 30 30 31 30 30 29 32 30 29 30 31 31 30 29 29 32 29 30 22 18 18 19 17 17 18 22 21 17 21 28 31 28 28 15 15 16 16 11 6 6 2 6 3 27 27 27 27 27 28 28 28 22 22 19 17 18 22 22 19 18 22 20 18 18 17 19 21 17 17 17 17 22 21 17 19 21 21 21 17 17 19 21 21 17 17 19 
19 17 22 22 9 9 21 22 19 17 21 21 21 17 17 21 21 19 21 18 17 18 22 19 17 21 21 22 18 17 17 18 23 17 17 17 21 21 19 17 17 18 20 28 28 28 28 28 28 28 15 15 15 15 16 16 11 6 6 6 6 3 7 7 9 9 9 21 21 23 17 21 19 18 19 18 19 18 19 17 17 18 18 18 17 17 17 17 21 17 17 21 18 21 17 17 19 17 18 17 
30 29 29 32 30 29 30 31 30 30 29 29 32 29 30 30 31 30 30 29 32 30 29 19 17 17 20 19 18 23 17 19 17 22 22 18 21 21 22 28 28 15 15 16 16 16 27 6 6 8 7 7 8 8 19 17 17 19 23 19 17 21 20 21 19 17 17 19 23 17 17 19 19 21 17 20 22 19 19 17 19 20 17 17 19 20 19 19 21 23 21 21 21 17 21 21 19 19 17 17 
