32 30 29 27 10 23 23 23 23 23 22 22 22 23 22 22 20 23 22 23 16 16 19 6 16 16 16 17 1 17 9 9 6 6 12 17 17 17 17 17 17 17 17 23 20 23 18 22 18 10 23 18 23 18 10 23 23 18 10 23 16 23 23 18 23 18 20 22 18 10 18 23 18 23 23 23 18 18 18 17 22 22 23 18 23 22 22 23 18 18 23 23 17 23 10 17 10 17 17 20 
32 30 29 31 23 10 28 22 18 20 18 16 16 6 6 6 17 9 9 9 16 6 6 10 17 17 17 17 17 17 17 23 18 18 17 18 10 18 18 23 18 23 18 18 10 18 18 18 23 18 18 18 23 10 18 20 10 17 23 23 17 17 10 23 18 18 16 18 23 17 14 18 17 23 23 17 23 10 18 10 23 23 23 10 10 18 10 23 23 17 17 10 10 10 23 17 23 23 17 23 
32 30 29 31 24 18 23 18 15 22 22 22 20 20 23 24 23 22 22 22 6 6 6 6 9 9 9 9 6 6 12 9 9 9 9 9 9 9 9 17 17 17 23 22 23 20 22 23 22 20 20 20 22 22 16 22 22 18 24 22 23 22 22 22 18 18 22 20 22 22 22 18 20 20 22 22 22 22 20 22 22 22 20 22 22 23 22 22 22 22 22 22 22 22 22 22 22 23 22 18 
32 30 29 31 22 20 20 20 23 20 18 10 20 18 22 22 20 23 18 18 23 22 6 6 6 6 9 9 9 9 9 2 2 12 9 9 9 9 9 9 9 17 17 17 10 23 10 16 22 19 22 20 20 23 20 20 23 18 20 23 23 23 20 10 17 20 23 18 18 23 18 23 22 18 18 22 22 23 18 23 18 18 24 22 18 23 10 23 10 22 22 10 23 20 16 23 18 18 23 18 
32 30 29 32 22 24 23 22 22 18 22 22 23 31 24 20 23 23 23 6 6 6 6 9 9 9 9 9 6 6 6 6 9 9 9 9 9 17 17 10 10 23 23 23 23 23 22 23 23 23 23 23 22 22 23 18 23 23 18 22 23 16 23 23 16 18 19 23 16 23 23 22 22 22 22 23 22 23 23 22 22 22 23 23 23 23 22 18 23 22 22 23 23 22 23 18 22 23 23 23 
32 30 29 31 22 23 16 24 22 23 22 23 23 22 22 22 22 16 22 23 22 22 16 16 23 24 22 22 16 19 6 6 6 6 9 9 9 9 2 6 12 9 9 9 9 9 9 9 9 9 9 13 10 23 23 22 20 16 16 23 23 22 23 16 16 22 20 23 19 16 4 22 22 23 16 16 22 16 23 23 22 16 22 20 23 23 16 20 22 22 20 20 16 10 22 22 16 23 22 23 
32 30 29 20 16 23 22 23 16 16 22 23 22 16 16 16 24 16 23 16 6 6 6 6 6 9 9 9 9 2 6 6 9 9 9 9 9 9 9 9 9 9 13 13 19 10 22 22 16 22 16 23 23 22 22 22 22 22 23 16 16 16 22 22 20 16 16 22 22 22 22 16 22 16 22 22 16 16 16 22 22 22 16 16 22 23 16 16 16 22 22 18 10 16 16 16 18 22 23 16 
32 30 29 30 22 22 22 16 22 16 16 22 16 16 22 15 18 22 16 16 16 22 6 6 6 6 9 9 9 9 6 6 6 6 9 9 9 9 9 9 9 9 9 10 16 16 16 23 22 22 16 16 16 20 18 22 16 16 22 18 23 24 16 16 16 22 23 23 16 16 20 22 22 16 16 16 23 22 16 16 16 16 16 16 18 16 16 16 16 22 23 16 16 16 16 23 22 16 16 23 
32 30 29 27 20 18 23 16 26 24 22 23 22 16 16 22 6 6 6 6 9 9 9 9 9 2 6 12 9 9 9 9 9 9 9 10 17 10 16 16 16 16 22 20 16 16 16 22 16 24 18 16 16 22 20 18 16 16 16 32 16 20 16 16 22 22 22 22 16 16 16 22 18 22 16 16 16 16 20 16 16 16 18 20 22 22 16 16 16 22 22 16 16 16 18 20 22 16 16 22 
32 30 29 32 22 23 16 16 16 22 20 22 16 16 23 22 22 18 16 6 6 6 6 9 9 9 9 9 9 2 12 12 9 9 9 9 9 9 9 17 10 13 16 20 22 22 22 16 16 16 22 23 23 16 16 22 16 16 22 16 16 22 16 22 24 16 16 16 16 20 23 16 16 16 22 18 22 22 16 16 22 23 18 16 16 16 16 22 22 16 16 16 20 16 16 16 16 16 22 22 
