20 24 20 20 23 20 20 20 10 20 20 20 20 20 20 23 24 31 20 20 22 20 20 23 20 23 21 20 23 21 20 20 20 24 20 12 24 20 20 20 20 10 23 24 24 23 20 24 24 23 24 20 24 20 23 22 25 5 5 2 2 14 14 3 3 3 3 3 3 3 7 7 9 9 9 8 23 23 23 23 23 23 23 23 20 20 23 20 20 23 23 20 10 23 20 21 20 23 23 22 
22 22 23 22 11 23 21 21 23 20 20 20 22 23 20 21 20 20 20 20 23 20 23 20 23 23 20 23 21 20 22 22 22 20 23 20 23 20 23 20 20 20 2 2 2 3 3 3 3 7 7 7 8 23 23 23 23 23 20 23 23 24 20 23 23 24 20 20 21 24 23 10 12 22 23 20 31 23 19 24 24 22 19 21 20 23 22 21 24 24 24 20 20 20 21 20 20 21 20 20 
22 20 22 21 23 10 23 20 20 20 20 20 20 20 20 20 24 20 22 20 23 24 22 24 20 20 20 20 20 20 20 20 20 20 21 20 19 20 20 20 22 23 20 20 20 20 20 20 20 20 20 20 20 20 20 23 20 22 23 20 20 22 20 20 20 20 21 20 20 20 20 20 22 20 18 25 25 25 2 2 7 2 7 7 3 3 3 3 3 3 7 7 9 7 9 11 23 23 23 23 
24 23 22 21 21 23 20 20 21 20 23 21 23 23 20 23 23 20 20 23 22 23 21 20 23 20 23 23 20 24 20 23 20 23 20 20 22 21 20 23 24 22 20 20 23 23 23 20 31 31 20 20 24 20 24 24 20 22 21 20 19 5 5 6 6 6 3 14 14 3 3 3 3 3 7 7 3 3 7 7 7 8 7 9 23 23 23 10 9 24 22 21 20 20 23 20 21 21 20 24 
30 29 29 32 30 29 30 31 30 30 29 29 32 29 30 30 31 30 30 29 32 30 29 22 23 23 22 22 21 22 21 23 23 23 20 10 24 23 24 24 23 24 20 20 23 22 20 20 24 20 20 20 2 2 2 2 2 3 3 3 3 3 7 3 7 8 8 8 8 23 23 23 21 23 23 24 23 23 23 19 23 20 20 8 12 23 20 21 23 20 20 20 23 20 20 10 20 21 22 24 
30 29 29 32 30 29 30 31 30 30 29 29 32 29 30 30 31 30 30 29 32 30 29 30 31 31 30 29 29 32 29 30 30 31 30 30 29 32 30 29 30 31 10 24 24 23 21 20 10 20 20 20 23 20 23 23 23 20 7 7 3 3 3 3 3 7 3 7 7 8 8 8 8 23 23 23 23 23 23 20 20 24 23 20 23 23 12 23 10 23 23 24 23 21 23 23 22 11 12 20 
30 29 29 32 30 29 30 31 30 30 29 29 32 29 30 30 31 30 30 29 32 30 29 30 31 31 30 29 29 32 29 30 30 31 30 30 29 32 30 29 30 31 31 23 23 23 21 9 21 23 21 10 21 21 21 20 23 23 21 20 22 20 20 22 23 22 20 23 23 5 2 8 3 3 3 3 3 7 7 7 7 7 7 9 8 8 9 21 10 21 23 21 23 23 23 21 24 20 22 20 
30 29 29 32 30 29 30 31 30 30 29 29 32 29 30 30 31 30 30 29 32 30 29 30 31 31 30 29 29 32 29 30 30 31 30 30 29 32 30 29 30 24 22 22 20 10 12 23 12 10 23 22 10 12 12 12 24 11 24 12 12 11 11 12 12 2 2 2 2 7 3 7 7 3 3 3 3 3 7 8 8 8 8 8 8 11 23 10 23 12 8 23 23 12 11 23 12 12 23 10 
30 29 29 32 30 29 30 31 30 30 29 29 32 29 30 30 31 30 30 29 32 30 29 30 31 31 30 29 29 32 29 30 30 31 30 30 29 32 30 29 30 24 12 12 12 11 8 12 24 23 12 12 23 24 12 24 12 11 23 24 12 12 12 24 11 10 12 2 3 3 3 3 7 7 7 7 7 8 7 8 8 8 8 23 12 12 12 11 12 11 11 11 8 11 11 12 12 23 24 24 
30 29 29 32 30 29 30 31 30 30 29 29 32 29 30 30 31 30 29 29 32 30 29 30 31 31 29 29 29 32 29 30 30 31 30 30 29 32 30 29 30 24 11 23 12 10 21 23 10 10 23 10 10 8 10 10 10 12 23 10 11 10 10 10 10 10 10 10 10 10 10 10 11 10 10 8 2 2 7 7 7 3 7 3 7 7 7 7 7 7 8 8 10 10 10 10 23 8 10 10 
30 29 29 32 30 29 30 31 30 30 29 29 32 29 30 30 31 30 30 29 32 30 29 30 31 31 30 29 29 32 29 30 30 31 30 30 29 32 30 29 30 31 8 23 23 23 10 10 23 10 10 10 10 10 23 12 23 24 10 10 10 24 24 4 7 3 3 7 3 3 3 7 3 3 3 7 8 8 8 10 10 8 8 10 10 10 10 11 10 12 10 23 10 10 24 10 8 10 10 10 
30 29 29 32 30 29 30 31 30 30 29 29 32 29 30 30 31 30 30 29 32 30 29 30 31 31 30 29 29 32 29 30 30 31 30 30 29 32 30 29 30 23 10 10 23 10 12 12 10 10 8 10 8 10 10 10 10 10 10 24 23 23 24 10 10 10 10 10 10 10 10 10 10 23 23 10 11 27 7 7 7 7 3 3 3 3 7 7 7 7 9 7 8 8 8 8 8 10 10 10 
30 29 29 32 30 29 30 31 30 30 29 29 32 29 30 30 31 30 30 29 32 30 29 30 31 31 30 29 29 32 29 30 30 31 30 30 29 32 30 29 30 31 24 10 10 10 10 23 10 10 10 23 23 24 24 10 10 23 10 10 10 10 10 10 10 10 10 10 10 10 10 23 23 12 3 2 7 7 3 3 3 3 3 7 3 3 3 3 3 7 8 7 8 8 10 10 10 10 10 10 
30 29 29 32 30 29 30 31 30 30 29 29 32 29 30 30 31 30 30 29 32 30 29 30 31 31 30 29 29 32 29 30 30 31 30 30 29 32 30 29 30 22 10 10 10 10 10 24 12 10 10 10 10 10 23 24 22 8 10 23 10 10 10 10 10 10 10 10 11 24 24 24 8 10 10 10 10 10 10 10 10 23 2 2 4 3 3 2 3 3 7 3 7 3 7 7 7 8 10 8 
30 29 29 32 30 29 30 31 30 30 29 29 32 29 30 30 31 30 30 29 32 30 29 30 31 31 30 29 29 32 29 30 30 31 30 30 29 32 30 29 30 31 10 12 10 24 10 10 10 24 10 10 10 12 10 10 8 10 23 10 10 12 10 10 10 12 10 10 10 10 12 11 6 6 6 2 2 7 7 2 3 3 3 3 3 7 3 3 7 8 8 8 8 10 10 8 10 10 10 10 
30 29 29 32 30 29 30 31 30 30 29 29 32 29 30 30 31 30 30 29 32 30 29 30 31 31 30 29 29 32 29 30 30 31 30 30 29 32 30 29 30 31 24 10 24 10 24 23 11 10 23 8 10 10 26 24 24 10 11 32 26 26 31 1 1 2 27 2 2 2 3 3 3 3 3 7 3 7 7 7 7 7 8 8 8 23 8 10 10 10 10 10 10 10 10 10 10 10 23 10 
30 29 29 32 30 29 30 31 30 30 29 29 32 29 30 30 31 30 30 29 32 30 29 30 31 31 30 29 29 32 29 30 30 31 30 30 29 32 30 29 30 24 10 10 10 11 23 24 12 24 12 11 12 11 24 11 24 12 12 10 11 11 11 12 11 12 25 25 5 6 6 2 3 3 3 3 3 3 3 3 3 7 8 8 8 11 10 11 23 12 23 8 23 12 12 10 11 11 24 10 
30 29 29 32 30 29 30 31 30 30 29 29 32 29 30 30 31 30 30 29 32 30 29 30 31 31 30 29 29 32 30 30 31 31 30 30 29 32 30 29 30 12 11 11 11 11 12 24 8 12 24 11 10 11 12 11 11 11 11 29 12 9 9 4 7 3 3 3 3 3 3 3 3 3 3 3 8 8 8 8 11 11 11 11 11 11 11 10 12 10 11 12 12 12 11 10 12 12 12 12 
30 29 29 32 30 29 30 31 30 30 29 29 32 29 30 30 31 30 30 29 32 30 29 30 31 31 30 29 29 32 29 30 30 31 30 30 29 32 30 29 30 31 12 12 12 12 11 11 10 11 11 11 11 11 11 23 12 19 19 26 27 27 27 11 11 7 8 4 4 3 3 3 3 3 3 3 7 7 8 11 8 11 10 11 11 11 11 11 12 11 11 12 12 11 11 12 8 10 23 12 
30 29 29 32 30 29 30 31 30 30 29 29 32 29 30 30 31 30 30 29 32 30 29 30 31 31 30 29 29 32 29 30 30 31 30 30 29 32 30 29 30 31 12 12 11 12 24 12 11 8 23 12 12 8 11 11 10 8 11 8 19 12 11 11 12 12 10 11 10 17 9 5 6 6 7 4 3 3 4 3 3 3 7 7 7 3 3 7 7 8 8 10 11 8 10 11 11 11 11 11 
