32 30 29 30 24 20 24 24 22 24 24 24 24 24 24 24 27 24 24 24 24 24 24 24 15 22 24 24 24 24 24 27 24 24 24 24 24 24 24 24 24 24 24 22 24 24 22 22 22 24 24 32 6 12 12 26 8 7 20 10 23 10 17 26 26 26 26 27 24 24 24 24 24 22 24 22 24 24 24 24 24 24 24 23 24 23 23 23 24 24 27 24 24 24 24 24 24 24 24 24 
32 30 29 30 24 24 23 24 22 24 24 24 24 24 24 24 24 24 24 24 30 24 24 24 24 24 24 24 24 24 24 24 24 24 24 24 24 24 24 24 24 24 24 24 24 24 24 24 24 24 24 24 24 24 6 6 12 12 26 12 7 10 10 10 17 17 26 26 26 26 27 24 27 24 24 24 23 23 24 24 24 24 24 24 24 24 24 24 23 24 24 24 24 24 24 24 24 24 24 24 
32 30 29 31 24 24 24 23 24 24 24 20 24 24 23 24 24 24 24 24 22 24 24 25 32 12 20 12 8 8 8 10 21 17 17 26 26 26 26 27 24 20 24 24 24 24 24 24 23 20 24 22 23 20 24 20 24 20 24 24 24 24 24 24 24 23 20 24 24 24 24 23 24 23 23 24 24 24 23 20 24 24 24 23 24 23 23 23 24 24 24 23 22 24 22 24 23 24 24 24 
32 30 29 32 24 24 24 24 24 24 24 24 20 24 23 24 24 6 6 6 12 8 8 21 10 21 17 10 24 26 26 26 27 24 24 24 24 24 19 24 24 24 24 23 24 23 20 22 24 24 24 24 24 24 24 23 23 24 24 24 23 23 24 18 23 23 23 23 20 24 23 23 23 10 23 23 24 23 24 24 24 24 23 23 23 23 23 23 24 24 24 23 24 16 23 24 23 24 18 23 
32 30 29 30 24 24 24 24 24 24 24 24 24 24 24 24 24 30 24 24 24 24 24 24 24 24 24 24 24 24 24 24 25 30 12 8 8 8 7 10 10 10 17 10 26 26 26 26 26 24 32 24 24 24 24 24 24 24 24 24 24 24 24 24 24 24 24 24 24 24 24 24 24 24 24 24 24 24 24 24 24 24 24 24 24 24 24 24 24 24 24 24 24 24 24 24 24 24 24 24 
32 30 29 32 24 24 24 24 24 24 31 24 24 24 30 24 24 24 25 12 12 20 31 8 20 10 23 10 10 10 26 26 26 27 24 24 24 27 24 24 24 24 24 24 24 24 24 24 24 30 24 24 24 24 24 24 24 24 24 24 24 24 24 24 24 24 24 24 24 24 24 24 24 24 24 24 24 24 24 24 24 24 24 24 24 24 24 24 24 24 24 24 24 24 24 24 24 24 24 24 
32 30 29 31 24 24 24 24 24 24 24 24 24 24 24 24 24 24 24 24 6 6 12 20 8 8 8 21 21 21 10 20 26 26 26 26 27 24 24 24 24 24 24 24 24 16 24 24 24 24 24 24 24 24 24 24 24 24 24 24 24 24 24 24 24 24 24 24 24 24 24 24 24 24 24 24 24 22 24 24 24 24 24 24 24 24 24 24 24 24 24 24 24 24 24 24 24 24 24 24 
32 30 29 32 24 23 24 24 24 24 24 24 24 24 24 24 24 24 24 24 24 24 24 24 24 24 24 24 24 24 24 24 24 24 24 24 24 24 24 24 24 24 24 24 24 24 24 25 24 24 24 24 24 32 9 12 12 8 8 21 10 10 17 17 26 26 26 26 27 24 24 24 24 24 24 24 24 24 24 20 22 24 24 24 24 20 24 24 24 24 24 24 22 24 22 24 24 24 24 24 
32 30 29 30 24 24 22 23 24 24 24 24 24 24 20 24 24 31 24 24 24 24 24 24 24 24 24 24 24 24 24 20 24 24 24 24 24 24 24 24 24 24 24 24 24 24 24 24 24 24 6 16 12 25 20 20 8 10 10 18 10 10 26 26 26 26 24 24 24 24 24 24 24 24 24 24 24 24 24 23 24 24 24 24 24 24 24 24 24 24 24 24 24 24 24 24 24 24 24 24 
32 30 29 32 24 24 24 24 24 24 24 24 24 24 24 20 24 24 24 24 24 24 24 24 24 24 24 24 24 24 24 24 24 24 24 24 16 24 24 24 24 24 24 24 24 24 24 24 24 24 6 24 13 12 20 20 7 7 9 10 10 10 20 26 26 26 24 24 24 20 24 24 24 24 24 24 24 24 24 24 16 24 23 24 24 24 24 24 24 24 24 24 30 24 24 16 24 24 24 24 
