32 30 29 32 20 22 23 23 23 22 23 22 22 22 24 10 12 6 6 12 12 12 12 9 9 9 9 9 9 9 9 9 9 10 13 20 22 18 22 22 18 22 22 18 22 22 18 18 22 22 18 16 18 22 16 18 16 18 18 18 18 22 22 23 22 22 18 22 22 22 18 22 22 22 22 22 22 20 24 22 20 20 23 20 20 23 20 22 23 22 23 18 23 20 20 18 18 18 18 20 
32 30 29 31 20 22 22 18 22 18 18 18 20 18 23 20 10 23 23 22 18 22 16 17 17 23 23 22 18 22 17 23 22 23 10 10 23 23 20 18 10 10 23 22 25 23 20 22 22 23 6 6 12 12 12 12 12 12 12 9 9 9 9 9 9 9 9 9 9 9 17 10 10 10 20 18 10 20 18 18 19 23 10 22 10 18 20 22 18 17 18 23 23 22 18 18 18 16 18 22 
32 30 29 31 18 23 23 23 10 6 20 17 17 17 18 17 6 6 12 12 12 12 12 9 9 9 9 9 9 9 9 9 9 9 13 17 17 18 10 17 18 18 17 17 10 17 17 17 18 17 10 17 18 17 17 18 17 17 17 17 17 10 17 18 17 17 10 18 10 17 17 17 17 17 9 10 17 17 17 17 17 18 10 10 17 17 17 17 17 10 17 17 10 17 17 10 17 17 17 17 
32 30 29 31 24 20 22 16 22 22 22 22 6 6 6 12 12 12 12 12 12 12 12 12 9 9 9 9 9 9 9 9 13 9 18 23 22 20 22 22 22 18 22 23 22 22 22 23 18 18 22 22 18 16 23 18 22 22 18 22 18 22 22 22 20 22 18 23 22 22 23 22 18 22 18 23 22 22 23 23 23 18 23 22 20 18 18 23 22 16 22 22 22 18 20 22 22 18 18 18 
32 30 29 30 22 22 20 18 24 22 20 22 23 30 6 6 6 18 12 12 12 12 12 12 9 9 9 9 3 9 9 9 9 17 17 10 22 20 22 23 23 22 20 20 18 23 23 18 23 18 17 23 18 18 20 22 16 18 23 23 18 20 22 18 18 10 23 20 23 23 20 23 20 10 10 22 18 17 22 28 18 20 23 18 22 23 18 22 23 22 10 22 23 18 18 18 22 22 22 20 
32 30 29 31 24 24 24 24 24 24 24 23 24 23 23 24 23 23 24 24 24 23 23 23 23 23 24 24 24 24 23 24 24 24 23 23 24 23 24 24 22 24 24 23 23 23 24 24 23 24 20 24 6 6 12 12 12 6 12 12 12 12 9 13 9 9 9 9 9 9 9 9 9 17 10 10 23 23 23 23 23 23 23 24 23 24 22 23 18 23 23 22 24 22 18 24 23 20 22 22 
32 30 29 31 24 24 23 22 23 23 23 23 23 10 24 6 23 23 23 23 6 6 6 10 12 12 12 12 12 9 9 9 9 9 9 9 9 9 9 9 17 17 23 23 17 23 17 23 23 23 17 10 17 17 17 23 17 17 10 17 23 23 10 17 23 17 23 10 23 23 17 10 23 10 17 23 17 23 10 10 23 10 23 17 23 23 23 23 23 23 10 23 10 17 23 10 10 23 17 17 
32 30 29 31 23 23 24 20 22 23 24 24 22 24 27 27 22 22 6 32 22 6 31 12 12 12 6 6 12 12 12 10 9 9 9 9 9 9 9 13 9 10 10 22 18 24 22 22 24 18 18 18 18 20 18 22 20 20 24 24 23 22 18 18 24 24 24 20 22 18 18 23 22 22 23 18 18 20 23 22 20 20 22 22 23 20 22 22 20 10 22 20 22 22 22 20 18 22 22 22 
32 30 29 31 22 23 18 22 22 23 23 23 22 16 6 32 9 10 20 6 12 12 12 12 12 9 9 9 9 9 9 9 9 17 17 17 14 18 22 18 22 22 22 22 22 22 20 23 22 22 18 18 22 22 22 22 22 22 22 22 23 22 22 22 22 22 22 22 22 22 22 18 18 22 20 22 18 22 22 18 22 22 22 22 22 22 18 18 18 20 22 22 22 18 22 18 18 20 22 22 
32 30 29 32 23 18 18 18 16 22 23 22 23 22 22 22 18 22 22 22 22 22 22 22 22 18 22 22 18 24 24 23 22 22 22 22 22 22 20 23 22 20 24 23 22 18 31 24 13 10 12 12 12 12 12 12 12 9 9 9 9 9 9 9 9 13 9 17 17 23 18 22 18 18 20 22 20 18 18 18 10 22 23 20 22 22 20 18 18 18 18 18 18 18 18 32 18 18 18 18 
