2 2 2 2 2 2 2 10 2 2 2 2 2 2 2 2 10 2 2 2 2 2 2 2 10 2 2 2 2 2 2 2 2 2 2 2 2 2 2 2 2 10 2 2 2 2 2 2 25 25 2 2 2 2 2 2 25 25 25 25 10 2 2 10 10 10 10 10 10 29 8 29 29 29 29 3 27 27 14 16 28 11 11 26 2 2 2 2 2 25 26 2 25 25 25 25 2 2 25 25 
2 2 2 2 2 2 2 10 2 2 2 2 2 2 2 2 10 2 2 2 2 2 2 2 10 2 2 2 2 2 2 2 2 2 2 2 2 2 2 2 2 10 2 2 2 9 2 25 2 9 2 2 2 2 2 9 9 9 9 10 9 4 29 29 29 29 29 3 3 4 14 11 4 26 11 26 2 2 2 2 2 25 2 2 2 2 2 2 2 2 2 2 2 2 25 2 9 2 2 2 
2 2 2 2 2 2 2 10 2 2 2 2 2 2 2 2 10 2 2 2 2 2 2 2 25 2 2 2 2 2 2 2 10 2 2 2 2 2 10 2 2 10 2 2 2 2 2 2 25 26 25 2 2 2 26 2 25 2 9 9 9 9 9 4 29 29 29 4 29 29 27 31 31 4 4 11 26 2 26 2 2 2 2 25 2 2 2 2 26 9 2 25 2 2 2 25 26 25 2 2 
2 2 2 2 9 2 2 10 2 2 2 2 2 2 2 2 10 2 2 2 2 2 2 2 2 26 25 25 11 2 2 2 2 2 2 25 2 2 2 27 2 2 9 2 2 9 9 9 9 9 29 29 29 29 4 2 13 11 11 27 4 2 2 2 2 2 2 2 2 25 2 25 2 2 25 2 2 27 25 25 2 2 2 25 25 2 2 25 2 26 9 2 26 2 2 2 25 9 9 25 
2 2 2 2 2 2 2 10 2 2 2 2 2 2 2 2 10 2 2 2 2 2 2 9 2 2 2 2 2 2 2 25 2 25 2 2 25 2 2 25 2 25 9 9 9 9 9 9 29 29 29 29 29 29 29 3 2 27 14 27 11 26 11 2 2 2 2 2 2 2 2 2 2 2 2 25 2 2 25 2 2 2 2 2 25 2 2 2 25 2 2 9 2 25 2 9 25 9 2 2 
2 2 2 2 2 2 2 10 2 2 2 2 2 2 2 2 10 2 2 2 2 2 2 2 25 2 2 2 2 2 2 25 2 25 25 27 9 9 9 9 9 9 4 29 29 29 29 29 29 4 29 29 4 28 4 4 4 26 2 2 25 2 2 25 2 25 2 2 2 2 2 25 2 2 2 25 25 2 25 2 25 25 2 25 26 25 2 2 2 25 2 2 25 2 2 25 25 2 2 2 
2 2 2 2 2 2 2 10 2 2 2 2 2 2 2 2 10 2 2 2 2 2 2 25 25 26 25 2 2 25 2 25 26 2 2 2 2 2 25 2 9 9 9 9 9 9 4 7 29 29 29 29 29 29 4 4 4 4 27 27 27 2 25 2 2 25 25 2 2 2 2 2 25 25 25 2 2 2 2 2 2 2 2 25 25 2 25 2 2 25 2 2 2 25 2 2 2 25 2 2 
25 2 25 2 2 2 25 2 2 2 25 2 2 2 2 2 26 2 2 25 25 2 2 25 25 25 2 2 2 9 2 2 25 2 2 2 2 2 2 2 9 2 26 2 2 2 2 2 25 2 2 25 2 2 25 2 25 26 2 2 2 2 25 25 26 10 2 10 10 9 11 7 7 7 7 7 7 29 29 3 4 4 4 4 4 26 27 2 2 25 2 2 2 9 2 2 2 2 2 2 
2 2 2 2 2 2 2 10 2 2 2 2 2 2 2 2 10 2 2 2 2 2 2 2 2 2 25 2 27 2 26 26 2 2 2 25 11 27 27 27 10 27 25 10 27 29 8 29 4 29 29 29 4 4 27 27 27 2 27 2 2 2 25 2 2 2 2 2 2 2 2 2 2 25 2 2 2 2 2 2 2 2 2 9 2 2 26 25 2 2 2 25 2 2 2 2 26 26 25 2 
2 2 2 2 2 2 2 10 2 2 2 2 2 2 2 2 10 2 2 2 2 2 2 2 27 9 2 2 11 2 25 2 2 2 2 2 2 2 27 25 27 2 9 3 7 7 7 29 29 29 29 7 4 29 4 4 4 11 2 2 2 2 25 2 2 2 2 2 25 2 2 2 2 2 25 2 2 2 25 25 25 26 2 2 2 2 26 2 2 2 2 2 26 26 25 25 2 2 25 26 
2 2 2 2 2 2 2 10 2 2 2 2 2 2 2 2 10 2 2 2 2 2 2 2 10 2 2 2 2 2 2 2 2 2 2 2 2 2 2 2 2 2 2 2 25 2 2 2 2 11 26 2 9 9 11 9 9 9 4 8 8 29 29 29 29 29 4 4 29 31 4 27 27 26 2 27 2 2 2 2 26 2 2 11 11 2 2 2 2 2 25 27 9 25 2 2 2 2 2 25 
2 2 2 2 2 2 2 10 2 2 2 2 2 2 2 2 10 2 2 2 2 2 2 2 2 2 2 9 9 2 2 2 2 2 2 2 25 2 11 9 9 9 9 9 29 7 29 29 4 29 29 4 4 4 4 2 2 2 2 2 2 2 27 9 25 25 2 2 2 2 2 2 2 2 2 9 2 2 9 2 2 2 2 25 2 2 25 2 25 2 2 2 2 25 2 2 26 9 26 2 
2 2 2 2 2 2 2 10 2 2 2 2 2 2 2 2 10 2 2 2 2 2 2 2 10 2 2 2 2 2 2 2 2 2 2 2 2 2 25 2 27 2 26 25 2 2 2 2 2 26 25 9 9 10 9 13 29 7 7 29 4 4 29 4 4 28 4 2 2 2 2 2 2 2 2 2 25 9 2 25 9 25 25 2 2 2 25 2 2 25 2 2 2 2 2 9 2 2 25 25 
2 2 2 2 2 2 2 10 2 2 2 2 2 2 2 2 10 2 2 2 2 2 2 2 10 2 2 2 2 2 2 2 2 2 2 2 2 2 2 2 2 2 2 2 2 25 25 9 2 2 25 2 11 2 2 2 2 2 25 25 2 9 9 9 9 9 9 9 4 29 7 29 29 4 29 2 4 4 11 2 2 2 2 2 2 26 2 2 25 2 25 2 25 2 2 11 9 2 2 25 
2 2 2 2 2 2 2 10 2 2 2 2 2 2 2 2 10 2 2 2 2 2 2 2 10 2 2 2 2 2 2 2 2 11 2 26 2 2 2 2 26 11 2 26 2 2 9 9 9 9 9 9 9 29 29 29 7 8 29 29 29 4 29 31 11 11 11 27 2 11 2 2 2 2 2 2 2 2 25 2 25 25 25 25 2 2 9 25 9 2 9 26 2 9 2 2 2 2 2 2 
2 2 2 2 2 2 2 10 2 2 2 2 2 2 2 2 10 2 2 2 2 2 2 2 10 2 2 2 2 2 2 2 2 2 2 2 9 26 2 27 11 26 25 9 9 2 2 2 9 2 2 10 9 9 9 9 9 4 7 7 4 4 7 7 29 4 4 4 27 11 11 2 27 2 2 27 2 2 27 26 2 2 2 25 2 2 2 25 2 2 2 2 2 2 2 9 2 2 11 9 
2 2 2 2 2 2 2 10 2 2 2 2 2 2 2 2 10 2 2 2 2 2 2 27 25 2 9 2 2 2 25 2 25 2 2 2 2 25 2 2 2 2 25 2 2 10 10 9 9 9 9 29 7 8 29 29 29 29 4 4 4 4 27 27 27 26 2 26 2 2 2 2 2 2 25 2 25 2 9 2 2 2 2 26 2 2 2 25 9 2 25 2 2 9 9 25 2 2 26 25 
2 2 2 2 2 2 2 10 2 2 2 2 2 2 2 2 10 2 2 2 2 2 2 2 10 2 2 2 2 2 2 2 10 2 2 2 2 2 10 2 2 2 2 2 2 2 2 25 2 2 2 2 2 2 26 2 27 11 2 2 9 2 2 9 27 2 2 9 9 10 9 9 9 9 9 4 29 29 29 29 29 29 29 29 4 27 11 27 27 2 2 2 11 2 2 2 2 2 25 2 
2 2 2 2 2 2 2 10 2 2 2 2 2 2 2 2 10 2 2 2 2 2 2 2 10 2 2 2 2 2 2 2 2 2 2 2 2 2 2 2 2 2 25 25 26 2 2 2 2 2 25 25 2 2 25 2 25 2 2 2 2 2 2 2 25 2 9 10 9 9 10 10 10 9 10 29 8 29 29 29 29 7 29 4 4 29 4 4 4 13 26 26 2 2 2 2 25 2 2 2 
2 2 2 2 2 2 2 10 2 2 2 2 2 2 2 2 10 2 2 2 2 2 2 2 9 2 26 2 2 2 2 2 2 2 2 2 2 2 2 2 25 27 25 25 10 25 25 4 29 8 4 29 29 29 29 29 29 29 29 4 29 4 4 4 4 27 26 2 2 2 25 9 2 2 2 2 25 2 26 2 2 2 2 25 2 26 2 25 2 26 25 26 2 11 25 2 26 11 25 25 
