30 29 29 32 30 29 30 31 30 30 29 29 32 29 32 30 31 30 30 29 32 30 29 30 31 31 30 29 29 32 29 30 30 31 30 30 29 32 30 29 30 31 12 24 24 23 8 3 3 3 3 3 4 14 15 15 15 15 16 27 7 3 3 7 7 7 7 7 7 7 8 8 8 8 11 11 10 23 11 23 12 11 11 12 11 12 24 24 11 10 11 11 10 12 12 12 12 12 24 10 
10 12 12 24 10 12 12 23 23 23 12 12 24 23 20 23 12 12 12 12 24 11 12 12 23 12 24 24 11 24 23 11 12 10 24 23 12 23 11 11 12 12 11 12 10 11 12 7 3 3 7 7 7 2 4 14 16 16 27 7 7 7 7 7 7 7 7 7 7 7 7 8 8 11 10 12 11 24 12 10 10 12 12 12 11 10 24 23 12 23 12 12 11 24 24 24 12 10 12 12 
30 29 29 32 30 29 30 31 30 30 29 29 32 29 30 30 31 30 30 29 32 30 29 30 31 31 30 29 29 32 29 30 30 31 30 30 29 32 30 29 30 10 24 23 23 10 27 27 4 4 15 15 15 15 15 16 27 8 3 3 3 3 7 7 7 7 7 7 8 8 8 8 8 8 10 12 11 23 24 11 11 11 11 11 10 12 11 24 11 11 10 11 12 19 10 11 10 10 11 10 
30 29 29 32 30 29 30 31 30 30 29 29 32 29 30 30 31 30 30 29 32 30 29 30 31 31 30 29 29 32 29 30 30 31 30 30 29 32 30 29 30 31 24 11 24 10 12 24 27 23 10 3 3 7 7 7 7 4 15 15 15 15 16 27 7 7 3 7 7 7 7 7 8 9 11 8 10 10 8 10 8 12 10 11 10 12 11 19 12 23 11 12 10 12 11 11 11 10 10 10 
30 29 29 32 30 29 30 31 30 30 29 29 32 29 30 30 31 30 30 29 32 30 29 30 31 31 30 29 29 32 29 30 30 31 30 30 29 32 30 29 30 24 10 24 23 8 8 7 3 14 15 15 15 15 15 27 27 27 7 7 3 3 7 7 7 7 7 7 11 8 8 12 11 12 11 12 10 12 11 11 24 23 10 10 12 10 10 12 11 10 10 11 8 12 12 11 10 11 12 11 
30 29 29 32 30 29 30 31 30 30 29 29 32 29 30 30 31 30 30 29 32 30 29 30 31 31 30 29 29 32 29 30 30 31 30 30 29 32 30 29 30 23 20 22 24 24 10 19 12 7 7 7 27 27 27 7 4 14 15 15 27 27 7 7 7 7 7 7 7 8 8 8 8 10 11 12 10 10 24 12 19 12 11 12 12 12 11 10 10 10 11 10 12 10 12 12 10 10 11 11 
30 29 29 32 30 29 30 31 30 30 29 29 32 29 30 30 31 30 29 29 32 30 29 30 31 31 30 29 29 32 29 30 31 31 30 30 29 32 30 29 30 12 23 11 12 20 23 23 9 7 7 7 7 7 7 7 4 14 15 13 15 27 27 7 3 7 7 3 7 7 7 8 9 9 11 10 23 12 8 20 12 12 10 10 23 12 10 10 10 11 12 11 10 10 12 12 12 10 24 24 
30 29 29 32 30 29 30 31 30 30 29 29 32 29 30 30 31 30 30 29 32 30 30 30 31 31 30 29 29 32 30 30 31 31 30 30 29 32 30 29 30 20 11 21 10 20 12 23 12 12 11 12 11 23 7 3 7 8 5 5 4 14 15 15 15 16 27 27 7 3 3 3 7 7 7 7 7 8 7 9 8 11 11 24 8 11 11 12 8 11 10 12 11 12 10 24 12 24 12 12 
30 29 29 32 30 29 30 31 30 30 29 29 32 29 30 30 31 30 30 29 32 30 29 30 31 31 30 29 29 32 29 30 30 31 30 30 29 32 30 29 30 12 24 12 20 20 10 23 23 23 12 24 23 23 30 23 23 28 12 23 10 7 7 7 5 5 5 8 14 14 15 15 15 22 27 10 7 7 7 7 7 7 7 9 8 8 23 21 12 23 11 12 11 23 12 23 19 11 10 11 
30 29 29 32 30 29 30 31 30 30 29 29 32 29 30 30 31 30 30 29 32 30 29 30 31 31 30 29 29 32 29 30 30 31 30 30 29 32 30 29 30 31 12 23 11 23 11 12 23 23 23 12 10 10 27 10 10 24 23 8 7 7 7 27 5 4 4 15 15 15 15 15 15 27 27 7 7 3 3 7 7 7 7 7 7 8 8 10 10 11 12 12 23 12 12 23 12 10 24 11 
30 29 29 32 30 29 30 31 30 30 29 29 32 29 30 30 31 30 30 29 32 30 29 30 31 31 30 29 29 32 29 30 30 31 30 30 29 32 30 29 30 23 12 10 10 10 11 12 11 11 12 10 11 24 24 11 24 23 12 19 12 3 7 7 8 7 5 5 8 4 14 15 27 27 7 3 3 7 7 7 7 7 8 8 8 23 12 23 10 11 10 11 24 24 11 11 10 23 12 11 
30 29 29 32 30 29 30 31 30 30 29 29 32 29 30 30 31 30 30 29 32 30 29 30 12 12 12 10 10 10 12 11 10 23 24 24 11 10 11 11 12 12 10 23 10 10 23 12 24 8 7 7 7 7 2 2 14 13 13 13 13 13 13 13 2 3 7 7 7 7 7 7 7 7 8 10 10 8 12 10 11 10 12 12 11 12 23 24 12 12 24 24 24 10 10 23 11 23 12 12 
30 29 29 32 30 29 30 31 30 30 29 29 32 29 30 30 31 30 30 29 32 30 29 30 31 31 30 29 29 32 29 30 30 31 30 30 29 32 30 29 30 31 12 10 12 24 24 12 11 12 23 23 12 24 12 11 12 23 12 12 11 11 8 3 7 7 5 5 2 13 13 13 13 13 13 13 13 14 8 14 7 3 7 3 7 7 7 7 8 8 9 8 10 11 11 11 10 12 24 24 
30 29 29 32 30 29 30 31 30 30 29 29 32 29 30 30 31 30 30 29 32 30 29 30 31 31 30 29 29 32 29 30 30 31 30 30 29 32 30 29 30 12 12 11 12 23 10 12 10 22 12 22 24 12 12 10 11 23 23 23 24 12 7 7 7 5 5 5 14 14 13 13 13 14 14 14 14 14 27 27 7 3 7 7 7 7 7 7 7 7 7 7 8 8 8 11 12 10 10 11 
30 29 29 32 30 29 30 31 30 30 29 29 32 29 30 30 31 30 30 29 32 30 29 30 31 31 30 29 29 32 29 30 30 31 30 30 29 32 30 29 30 24 12 12 10 12 12 12 11 19 10 10 22 12 12 12 24 8 7 7 7 7 5 5 2 13 13 14 2 3 7 3 3 3 7 7 7 7 8 11 10 10 11 11 10 23 11 11 11 24 24 24 12 10 24 10 11 11 24 12 
30 29 29 32 30 29 30 31 30 30 29 29 32 29 30 30 31 30 30 29 32 30 29 30 31 31 30 29 29 32 29 30 30 31 30 30 29 32 30 29 30 31 31 12 12 20 11 10 24 12 10 24 22 24 19 10 24 12 12 24 11 8 7 7 5 5 5 5 3 4 14 14 14 14 14 14 14 14 13 7 7 3 3 7 7 7 3 7 7 7 7 8 8 10 11 24 11 11 11 12 
30 29 29 32 30 29 30 31 30 30 29 29 32 29 30 30 31 30 30 29 32 30 29 30 31 31 30 29 29 32 29 30 30 31 30 30 29 32 30 29 30 31 12 23 23 22 22 22 20 20 23 22 22 23 22 22 22 22 8 3 3 3 3 4 15 15 15 15 15 16 27 7 7 7 7 7 7 7 9 9 8 8 9 11 23 23 23 23 23 20 22 20 21 21 23 22 20 20 11 21 
30 29 29 32 30 29 30 31 30 30 29 29 32 29 30 30 31 30 30 29 32 30 29 30 31 31 30 29 29 32 29 30 30 31 30 30 29 32 30 29 30 24 24 24 20 12 19 11 12 22 24 11 24 11 24 12 24 12 24 12 12 22 19 12 16 10 19 24 12 10 7 7 5 5 2 14 14 13 13 13 13 13 31 24 27 27 7 7 7 7 9 7 8 7 8 11 11 11 10 11 
30 29 29 32 30 29 30 31 30 30 29 29 32 29 30 30 31 30 30 29 32 30 29 30 31 31 30 29 29 32 29 30 30 31 30 30 29 32 30 29 30 31 10 23 12 12 21 11 20 12 24 10 10 12 23 12 23 23 24 8 7 3 3 4 14 14 13 14 8 2 3 3 3 9 3 7 7 7 8 8 11 10 8 23 10 10 11 12 24 12 12 12 24 12 12 23 24 10 24 23 
30 29 29 32 30 29 30 31 30 30 29 29 32 29 30 30 31 30 30 29 32 30 29 30 31 31 30 29 29 32 29 30 30 31 30 30 29 32 30 29 30 12 12 24 12 11 12 23 11 11 20 17 22 10 12 23 12 24 11 11 12 11 8 3 3 3 3 4 14 13 13 13 24 11 7 4 7 7 7 9 8 8 8 8 12 11 11 11 24 10 23 12 22 23 12 12 24 24 24 19 
