32 30 29 31 31 29 32 27 32 32 30 30 31 29 31 28 27 32 30 29 31 31 29 32 27 27 32 30 30 31 29 31 28 27 32 30 29 31 31 29 32 20 19 23 16 19 20 15 15 15 15 14 15 14 9 9 9 7 7 12 3 3 3 12 3 3 4 25 20 25 7 5 27 12 20 19 19 15 14 14 19 15 15 15 16 15 15 15 15 16 15 16 19 18 16 15 14 14 19 15 
32 30 29 31 31 29 32 27 32 32 30 30 31 29 31 28 27 32 30 29 31 31 29 32 27 27 32 30 30 31 29 31 28 27 32 30 29 31 31 29 32 19 19 19 15 14 19 15 15 15 19 15 15 15 14 10 9 9 9 10 8 8 5 3 5 3 12 3 5 5 5 5 5 5 5 5 20 20 22 22 15 15 15 19 19 15 14 15 19 14 15 14 19 19 15 15 15 19 19 15 
32 30 29 31 31 29 32 27 32 32 30 30 31 29 31 28 27 32 30 29 31 31 29 32 27 27 32 30 30 31 29 31 28 27 32 30 29 31 31 29 32 22 15 14 14 19 14 19 19 15 15 19 19 19 15 15 15 19 15 15 19 19 19 14 14 15 16 19 15 15 15 14 19 15 14 9 9 9 9 6 8 8 7 3 3 3 3 3 5 5 5 5 5 5 5 5 19 19 19 22 
32 30 29 31 31 29 28 27 30 32 30 30 31 29 31 28 27 32 30 29 31 31 29 32 27 27 32 30 30 31 29 31 28 27 32 30 29 31 31 29 32 27 15 22 15 22 13 15 19 15 14 15 10 9 21 7 7 3 3 3 5 5 5 5 5 5 5 5 5 5 5 19 19 14 14 15 14 20 19 15 15 15 19 15 15 15 19 19 15 15 15 19 15 15 15 19 14 15 15 15 
32 30 29 31 31 29 32 27 32 32 30 30 31 29 31 28 27 32 30 29 31 31 29 32 19 15 15 14 14 10 14 15 15 19 15 15 15 15 19 16 13 9 9 21 7 7 7 3 5 3 5 5 5 5 5 5 5 5 5 5 19 19 14 19 14 15 15 19 14 15 15 19 18 15 15 14 19 15 15 15 15 20 15 14 19 19 19 15 15 19 20 15 14 15 19 19 15 15 15 19 
32 30 29 31 31 29 32 27 32 32 30 30 31 29 31 28 27 32 30 29 31 31 29 32 19 15 19 16 15 14 19 15 15 14 19 19 14 15 15 16 19 14 15 14 19 14 15 15 13 9 9 21 8 8 7 3 5 3 5 5 5 5 5 5 5 5 11 10 20 19 14 15 15 16 14 14 15 15 16 15 15 14 19 19 15 15 15 19 19 15 15 15 19 19 15 15 15 19 19 14 
32 30 29 31 31 29 32 27 32 32 30 30 31 29 31 28 27 32 30 29 31 31 29 32 15 15 19 19 23 19 10 19 15 14 9 9 9 21 7 7 5 3 13 13 3 3 3 3 5 5 5 5 5 5 14 8 8 14 15 14 15 15 15 19 19 19 19 23 19 22 19 19 20 20 20 20 18 14 15 15 15 19 18 15 15 15 19 16 15 15 14 19 22 19 15 15 15 23 19 19 
32 30 29 31 31 29 32 27 32 32 30 30 31 29 31 28 27 32 30 29 31 31 29 32 18 15 15 15 16 16 19 15 15 14 16 16 10 9 21 8 7 5 5 12 5 5 5 5 5 5 5 5 5 5 5 19 19 22 19 15 15 15 19 19 15 15 19 22 15 15 19 19 15 15 19 19 16 14 15 15 19 19 15 15 15 19 19 15 15 15 19 19 15 14 15 19 19 19 19 15 
32 30 29 31 31 29 32 27 32 32 30 30 31 29 31 28 27 32 30 29 31 31 29 32 27 27 32 30 22 22 20 23 15 20 18 15 15 19 14 10 19 9 9 3 7 7 7 3 3 3 3 5 5 5 5 5 5 5 5 5 5 5 5 5 5 12 8 8 15 15 15 19 19 15 15 22 22 19 15 15 22 18 19 16 19 19 19 15 15 15 22 19 15 14 19 22 15 15 15 22 
32 30 29 31 31 29 32 27 32 32 30 30 31 29 31 28 27 32 30 29 31 31 29 32 19 10 14 15 13 13 10 19 22 15 14 9 9 9 8 8 8 5 5 5 3 5 5 5 5 5 5 5 5 5 8 20 19 15 19 19 18 19 15 19 23 19 15 15 15 19 19 15 19 19 20 15 15 19 23 19 15 15 15 19 15 15 19 19 19 19 15 19 15 19 19 15 15 19 16 15 
