32 30 29 31 31 29 32 27 32 32 30 30 31 29 31 28 27 32 30 29 31 31 29 32 27 27 32 30 30 31 29 31 28 27 32 30 29 31 31 29 32 27 14 15 14 15 19 14 19 19 14 15 15 19 14 15 14 9 9 9 8 8 12 12 1 9 10 9 3 3 4 1 1 13 13 10 12 3 12 3 9 9 9 13 13 13 14 10 14 14 14 15 14 14 15 15 15 19 14 15 
32 30 29 31 31 29 32 27 32 32 30 30 31 29 31 28 27 32 30 29 31 31 29 32 27 27 32 30 30 31 29 31 28 27 32 30 29 31 31 29 32 27 14 14 15 19 13 19 14 14 14 14 14 14 14 14 10 9 9 21 7 25 4 4 1 3 3 3 3 3 1 1 9 10 13 7 3 3 9 9 9 9 9 13 13 13 13 13 14 14 14 14 15 19 15 14 14 14 19 19 
32 30 29 31 31 29 32 27 32 32 30 30 31 29 31 28 27 32 30 29 31 31 29 32 27 27 32 30 30 31 29 31 28 27 32 30 29 31 31 29 32 27 19 18 20 17 10 19 19 14 15 13 19 10 9 9 9 21 28 28 28 25 1 1 1 9 1 13 19 19 4 3 3 1 1 9 9 13 13 25 25 3 3 3 3 13 9 9 9 9 13 13 13 13 13 14 19 14 14 14 
32 30 29 31 31 29 32 27 32 32 30 30 31 29 31 28 27 32 30 29 31 31 29 32 27 27 32 30 30 31 29 31 28 27 32 30 29 31 31 29 32 3 10 13 13 14 14 19 19 19 14 15 19 14 9 9 13 7 7 7 4 4 1 1 1 13 13 13 3 3 3 4 1 1 9 9 13 9 3 3 3 3 9 9 9 9 9 13 13 13 13 13 14 15 14 19 15 15 14 19 
32 30 29 31 31 29 32 27 32 32 30 30 31 29 31 28 27 32 30 29 31 31 29 32 27 27 32 30 30 31 29 19 19 19 15 15 14 19 14 14 14 14 15 19 19 15 13 9 9 9 21 28 26 25 1 1 9 17 19 1 3 3 3 1 1 9 9 25 25 3 3 3 3 9 9 13 9 13 14 14 14 14 14 23 15 19 19 15 15 15 15 19 19 6 14 15 15 14 16 15 
32 30 29 31 31 29 32 27 32 32 30 30 31 29 31 28 27 32 30 29 31 31 29 32 27 27 32 30 30 31 29 31 28 27 32 30 29 31 31 29 32 27 19 15 16 22 14 15 14 19 19 19 14 14 14 9 9 9 9 25 25 4 4 1 3 3 3 3 3 4 1 2 13 13 9 3 3 3 3 3 9 9 9 13 13 13 13 13 19 19 15 15 15 19 15 15 14 19 19 14 
32 30 29 31 31 29 32 27 22 32 30 30 31 29 30 28 27 32 32 29 31 31 29 32 27 27 29 30 30 31 29 31 28 27 30 30 30 31 31 29 32 22 14 15 14 14 15 15 15 19 19 14 15 15 10 9 9 7 25 25 4 1 1 3 3 13 3 3 1 1 9 13 13 25 3 3 3 3 3 3 13 13 13 13 13 14 14 14 19 15 14 15 14 15 15 15 15 19 19 14 
32 30 29 31 31 29 32 27 32 32 30 30 31 29 31 28 27 32 30 29 31 31 29 32 27 27 32 30 30 31 29 31 28 27 32 30 29 31 31 29 32 27 15 15 15 19 14 15 15 19 19 15 15 15 9 9 9 25 3 3 1 1 9 3 3 3 1 1 9 17 1 9 3 3 3 13 13 13 13 13 14 13 14 15 14 14 14 14 19 15 15 15 14 19 19 15 15 19 19 19 
32 30 29 31 31 29 32 27 32 32 30 30 31 29 31 28 27 32 30 29 31 31 29 32 27 27 32 30 30 31 29 31 28 27 32 30 29 31 31 29 32 27 19 19 15 14 14 14 19 19 15 14 14 15 19 19 15 14 9 9 10 25 12 3 1 3 3 3 3 4 1 9 9 25 25 3 3 3 9 9 9 9 13 13 13 13 13 14 14 19 14 14 15 19 15 14 14 15 14 14 
32 30 29 31 31 29 32 27 32 32 30 30 31 29 31 28 27 32 30 29 31 31 29 32 27 27 32 30 30 31 29 31 28 27 32 30 29 31 31 29 32 27 19 15 14 19 14 14 14 15 19 14 14 9 9 13 21 21 28 28 20 4 3 1 1 1 3 3 3 3 25 3 25 25 3 3 1 1 9 13 14 14 21 10 3 9 9 9 9 13 9 13 13 13 13 13 14 14 19 15 
