32 30 29 31 31 29 32 27 32 32 30 30 31 29 31 28 27 32 30 29 31 31 29 32 27 27 32 30 30 31 29 31 28 27 32 30 29 31 31 29 32 22 19 19 15 14 10 18 22 23 23 23 16 10 20 10 9 9 9 23 25 1 1 1 9 17 9 13 14 14 25 25 25 25 15 19 19 19 19 19 15 15 16 20 19 16 15 14 15 19 19 20 15 15 15 16 19 19 19 15 
32 30 29 31 31 29 32 27 32 32 30 30 31 29 31 28 27 32 30 29 31 31 29 32 27 27 32 30 30 31 29 31 28 27 32 30 29 31 31 29 32 27 20 20 15 16 19 19 15 14 14 19 15 15 15 15 19 15 9 9 9 7 25 1 1 1 1 9 13 3 13 13 13 25 25 25 25 19 14 15 19 15 15 15 15 19 15 15 15 14 19 15 15 14 15 16 19 15 15 19 
32 30 29 31 31 29 32 27 32 32 30 30 31 29 31 28 27 32 30 29 31 31 29 32 27 27 32 30 30 31 29 31 28 27 32 30 29 31 31 29 32 24 15 14 19 14 19 22 20 22 23 20 10 10 9 9 9 21 21 7 7 7 7 7 3 1 1 1 1 9 1 1 1 9 9 3 10 10 10 25 25 25 25 25 19 20 20 20 20 20 22 20 20 20 20 22 19 20 20 20 
32 30 29 31 31 29 32 27 32 32 30 30 31 29 31 28 27 32 30 29 31 31 29 32 27 22 20 22 10 20 10 23 10 18 22 23 20 20 9 10 7 4 1 1 1 9 9 9 9 17 25 25 25 25 25 25 20 20 20 23 23 20 20 20 22 20 20 20 20 20 20 20 18 22 18 22 20 20 20 16 10 20 20 20 20 20 18 20 20 20 20 20 20 22 20 23 22 20 23 20 
32 30 29 31 31 29 32 27 32 32 30 30 31 29 31 28 27 32 30 29 31 31 29 32 27 27 32 30 30 31 29 31 28 27 32 30 29 31 31 29 32 20 20 20 20 20 22 18 20 20 20 22 22 20 20 10 9 9 9 7 7 28 27 1 1 1 1 9 9 9 9 9 13 25 25 25 25 25 20 20 20 20 20 19 20 19 20 19 24 23 20 20 20 22 20 22 20 18 20 20 
32 30 29 31 31 29 32 27 32 32 30 30 31 29 31 28 27 32 30 29 31 31 29 32 27 27 32 30 30 31 29 31 28 27 32 30 29 31 31 29 32 27 20 20 20 22 10 22 20 18 20 20 9 9 9 21 7 7 3 1 1 1 1 9 9 9 9 9 13 13 25 25 25 25 20 22 24 22 22 22 16 22 20 20 20 20 22 20 20 22 19 20 16 19 20 16 10 23 22 20 
32 30 29 31 31 29 32 27 32 32 30 30 31 29 31 28 27 32 30 29 31 31 29 32 27 27 32 30 30 31 29 31 28 27 32 30 29 31 31 29 32 17 22 18 23 22 19 16 22 22 20 19 10 10 22 23 9 9 9 9 21 21 21 21 7 7 4 3 1 1 1 1 1 1 9 9 9 9 9 9 9 9 3 25 25 25 25 25 16 20 20 22 24 23 19 20 22 20 20 16 
32 30 29 31 31 29 32 27 32 32 30 30 31 29 31 28 27 32 30 29 31 31 29 18 23 20 23 10 10 10 18 20 16 22 19 18 19 10 22 20 23 9 9 9 9 10 27 25 4 1 1 1 1 9 9 9 9 9 9 17 25 25 25 25 25 25 25 27 20 20 19 23 20 20 23 16 20 20 20 22 16 19 20 20 20 18 22 16 20 22 22 20 20 20 16 19 20 23 22 20 
32 30 29 31 31 29 32 27 32 32 30 30 31 29 31 28 27 32 30 29 31 31 29 32 27 27 32 30 30 31 29 31 28 27 32 30 29 31 31 29 32 20 19 20 23 23 23 23 23 23 23 20 23 20 23 20 23 23 23 23 23 22 23 23 23 23 23 23 23 22 23 20 23 22 23 19 23 23 23 23 23 23 23 23 23 22 23 20 23 22 16 23 23 15 20 16 19 16 16 22 
32 30 29 31 31 29 32 27 32 32 30 30 31 29 31 28 27 32 30 29 31 31 29 32 27 27 32 30 30 31 29 31 28 27 32 30 29 31 31 29 32 27 19 19 16 19 20 22 14 16 19 19 16 15 14 9 10 25 25 4 1 1 9 9 9 9 13 9 25 25 25 25 16 16 19 19 16 15 14 19 19 16 15 15 19 16 16 19 16 16 16 15 15 15 14 16 23 19 19 19 
32 30 29 31 31 29 32 27 32 32 30 30 31 29 31 28 27 32 30 29 31 31 29 32 27 27 32 30 30 31 29 31 28 27 32 30 29 31 31 29 32 22 19 19 10 9 9 8 8 8 6 11 2 9 9 9 9 10 9 17 25 25 25 25 25 20 20 22 18 23 20 22 20 20 22 20 20 20 23 18 22 23 20 20 22 22 20 20 16 22 20 20 20 20 18 22 20 20 32 20 
32 30 29 31 31 29 32 27 32 32 30 30 31 29 31 28 27 32 30 29 31 31 29 32 27 27 32 30 30 31 29 31 28 27 32 30 29 31 31 29 32 27 27 20 20 22 20 22 20 9 17 20 10 9 9 9 9 7 7 25 4 1 1 1 1 9 9 9 9 25 25 25 25 25 10 10 10 10 9 13 10 10 9 10 9 9 9 9 9 9 9 9 13 10 9 9 10 9 9 9 
32 30 29 31 31 29 32 27 32 32 30 30 31 29 31 28 27 32 30 29 31 31 29 9 9 9 9 9 9 9 9 9 9 17 10 9 10 9 9 9 21 8 12 6 2 9 9 9 9 9 9 9 9 12 25 25 25 12 12 12 10 10 10 10 10 10 17 10 10 9 9 10 9 9 9 9 9 9 9 9 9 17 10 10 10 10 10 10 9 9 10 9 10 10 10 10 17 17 9 10 
32 30 29 31 31 29 32 27 32 32 30 30 31 29 31 28 27 32 30 29 31 31 29 10 9 9 13 9 9 10 10 23 22 16 18 10 10 9 9 9 8 26 12 2 9 9 9 9 9 9 10 9 25 25 25 12 12 20 20 27 22 20 22 22 22 18 20 18 18 22 22 16 22 10 22 20 27 22 18 20 20 32 20 32 22 20 32 18 20 32 22 22 22 20 22 20 20 32 20 22 
