32 30 29 31 31 29 32 27 32 32 30 30 31 29 31 28 27 32 30 29 31 31 29 32 27 27 32 30 30 31 29 31 28 27 32 30 29 31 31 29 32 27 14 14 16 23 14 14 19 15 14 19 19 14 8 8 21 7 20 14 14 10 3 7 7 3 9 3 3 9 13 11 23 23 23 24 25 20 27 21 19 7 14 14 14 14 14 19 14 15 19 15 14 14 15 14 15 14 15 15 
32 30 29 31 31 29 32 27 32 32 32 30 31 29 31 28 27 32 32 29 31 31 29 32 27 27 32 30 30 31 29 31 28 27 32 30 29 31 31 29 32 27 19 15 14 14 19 19 19 14 14 19 19 14 14 15 14 21 21 21 21 21 21 21 14 13 10 21 21 7 9 9 3 3 13 12 23 23 23 23 23 24 17 25 19 19 19 19 19 19 19 19 14 14 14 19 19 14 15 15 
32 30 29 31 31 29 32 27 32 32 30 30 31 29 31 28 27 32 30 29 31 31 29 32 27 27 32 30 30 31 29 31 28 27 32 30 29 31 31 29 32 27 19 19 14 14 15 15 14 15 19 14 14 14 15 19 14 15 14 8 8 21 21 10 10 21 11 25 4 21 21 13 3 3 3 9 12 24 23 23 23 24 24 23 23 10 19 19 7 21 13 14 19 20 15 14 14 14 19 14 
32 30 29 31 31 29 32 27 32 32 30 30 31 29 31 28 27 32 30 29 31 31 29 32 27 27 32 30 30 31 29 31 28 27 32 30 29 31 31 29 32 27 13 14 14 14 14 15 14 14 19 19 15 15 15 18 19 14 15 14 19 14 15 15 21 23 19 14 10 17 9 9 9 13 23 23 23 17 25 24 19 19 14 14 14 15 14 14 15 19 15 15 14 19 19 19 15 14 14 19 
32 30 29 31 31 29 32 27 32 32 30 30 31 29 31 28 27 32 30 29 31 31 29 32 27 27 32 30 30 31 29 31 28 27 32 30 29 31 31 29 32 19 14 14 19 14 14 14 14 14 14 14 14 14 19 19 8 21 21 21 10 14 14 15 25 21 10 9 9 3 13 13 17 23 23 24 17 12 12 10 10 10 13 9 9 13 13 13 13 14 14 19 15 19 19 14 14 15 19 19 
32 30 29 31 31 29 32 27 32 32 30 30 31 29 31 28 27 32 30 29 31 31 29 32 27 27 32 30 30 31 29 31 28 27 32 30 29 31 31 29 32 22 14 15 14 19 14 15 14 14 14 14 19 14 15 14 15 21 21 21 10 10 9 10 23 21 9 9 3 3 13 23 23 23 23 23 9 10 10 14 19 10 10 13 13 13 13 14 14 14 14 15 14 15 15 14 15 15 15 14 
32 30 29 31 31 29 32 27 32 32 30 30 31 29 31 28 27 32 30 29 31 31 29 32 27 27 32 30 30 31 29 31 28 27 32 30 29 31 31 29 32 15 14 19 19 19 14 14 15 15 14 15 19 19 15 15 21 21 21 21 10 10 14 13 21 21 9 9 1 3 12 12 14 23 14 23 11 12 10 14 19 19 19 10 13 13 14 14 14 14 14 14 19 15 15 15 14 19 19 14 
32 30 29 31 31 29 32 27 32 32 30 30 31 29 31 28 27 32 30 29 31 31 29 32 27 27 32 30 30 31 29 31 28 27 32 30 29 31 31 29 32 27 15 15 14 15 19 15 19 19 19 15 15 19 15 21 10 21 21 21 10 14 14 13 20 10 10 9 9 1 13 12 17 23 23 24 24 3 12 10 20 10 10 13 13 13 10 13 14 14 14 14 15 15 15 19 15 15 14 14 
32 30 29 31 31 29 32 27 32 32 30 30 31 29 31 28 27 32 30 29 31 31 29 16 19 19 14 15 15 10 14 14 19 15 14 15 14 26 8 21 19 25 12 9 9 9 12 24 23 23 11 25 20 27 20 10 10 13 13 14 14 14 14 14 15 14 17 15 14 15 14 15 19 14 15 15 19 14 14 15 14 19 14 14 14 14 15 14 15 14 15 19 14 15 14 19 14 15 15 14 
32 30 29 31 31 29 32 27 32 32 30 30 31 29 31 28 27 32 30 29 31 31 29 32 27 27 32 30 30 31 29 31 28 27 32 30 29 31 31 29 32 27 19 15 14 14 14 14 15 14 15 19 15 15 21 10 9 13 13 3 9 9 1 12 12 12 23 23 23 12 12 10 13 13 13 13 13 13 14 14 19 14 14 15 14 19 14 14 14 19 19 14 14 14 14 14 15 15 15 19 
