-----------------------------------------------------------
                         Digit 1
-----------------------------------------------------------
Reading Samples/Digit 1/A_1.txt for A matrix
Reading Samples/Digit 1/B_1.txt for B matrix
Reading Samples/Digit 1/obs_seq_1.txt for observation sequences
Reading Samples/Digit 1/Pi_1.txt for Pi

Observation Sequence:
25 28 28 28 28 28 28 28 28 28 28 28 28 31 28 28 28 28 12 27 27 10 2 2 2 25 2 2 4 28 31 12 31 31 31 4 2 11 11 12 12 31 31 31 28 27 2 27 28 13 13 14 28 28 12 28 28 27 27 27 13 2 2 2 11 11 28 12 28 26 10 27 2 25 25 27 12 10 10 13 13 13 2 2 2 
Probability of Observation Sequence Given the model Lambda-
1.11919e-123

Value of P_*:3.87717e-125
q_*:
1	2	2	2	2	2	2	2	2	2	2	2	2	2	3	3	3	3	4	4	4	4	4	4	4	4	5	5	5	5	5	5	5	5	5	5	5	5	5	5	5	5	5	5	5	5	5	5	5	5	5	5	5	5	5	5	5	5	5	5	5	5	5	5	5	5	5	5	5	5	5	5	5	5	5	5	5	5	5	5	5	5	5	5	5	

Observation Sequence:
7 7 7 7 7 7 3 1 1 3 1 1 1 1 1 1 1 3 25 25 25 25 25 25 25 25 25 25 25 25 25 10 10 10 10 2 2 2 2 2 2 2 2 2 2 2 2 2 2 2 10 12 12 12 12 12 12 12 12 12 12 12 12 12 12 12 12 13 13 12 12 12 12 13 12 12 12 12 12 3 13 5 5 5 1 
Probability of Observation Sequence Given the model Lambda-
2.07747e-068

Value of P_*:6.39259e-070
q_*:
1	1	1	1	1	1	2	3	3	3	3	3	3	3	3	3	3	3	4	4	4	4	4	4	4	4	4	4	4	4	4	4	4	4	4	4	4	4	4	4	4	4	4	4	4	4	4	4	4	4	4	5	5	5	5	5	5	5	5	5	5	5	5	5	5	5	5	5	5	5	5	5	5	5	5	5	5	5	5	5	5	5	5	5	5	

Observation Sequence:
3 1 1 1 1 1 1 1 1 1 1 1 1 1 1 1 1 1 1 1 1 1 1 1 1 1 1 1 1 1 1 1 1 1 1 1 1 1 1 1 1 1 1 1 1 2 2 2 2 13 13 10 10 12 12 12 12 12 12 12 12 12 12 12 12 12 12 12 12 12 12 12 12 12 13 13 13 13 13 12 12 12 12 12 12 
Probability of Observation Sequence Given the model Lambda-
2.42901e-035

Value of P_*:2.20049e-036
q_*:
1	2	3	3	3	3	3	3	3	3	3	3	3	3	3	3	3	3	3	3	3	3	3	3	3	3	3	3	3	3	3	3	3	3	3	3	3	3	3	3	3	3	3	3	3	4	5	5	5	5	5	5	5	5	5	5	5	5	5	5	5	5	5	5	5	5	5	5	5	5	5	5	5	5	5	5	5	5	5	5	5	5	5	5	5	

Observation Sequence:
7 4 3 3 1 1 1 1 1 1 1 1 1 1 1 1 1 1 1 1 1 1 1 1 1 3 10 10 10 10 10 10 10 10 10 10 10 10 10 10 1 1 1 1 1 1 2 2 2 2 13 12 12 12 12 12 12 12 12 12 13 13 13 13 13 12 12 12 12 12 12 12 12 29 12 12 12 12 12 12 11 13 10 12 13 
Probability of Observation Sequence Given the model Lambda-
7.70831e-046

Value of P_*:1.88005e-047
q_*:
1	1	2	2	3	3	3	3	3	3	3	3	3	3	3	3	3	3	3	3	3	3	3	3	3	3	4	4	4	4	4	4	4	4	4	4	4	4	4	4	4	4	4	4	4	4	5	5	5	5	5	5	5	5	5	5	5	5	5	5	5	5	5	5	5	5	5	5	5	5	5	5	5	5	5	5	5	5	5	5	5	5	5	5	5	

Observation Sequence:
12 12 29 29 4 4 4 4 4 4 4 4 28 26 26 4 4 4 4 4 7 3 5 3 3 3 3 3 1 1 3 1 1 1 1 1 1 1 1 1 1 1 1 1 1 1 1 1 1 1 1 1 1 1 1 1 1 1 1 1 1 1 1 1 1 1 1 1 1 1 1 1 1 1 1 1 1 1 1 1 1 1 1 1 1 
Probability of Observation Sequence Given the model Lambda-
5.0246e-082

Value of P_*:1.20794e-082
q_*:
1	1	1	1	1	1	1	1	1	1	1	1	2	3	3	3	3	3	3	3	3	3	3	3	3	3	3	3	3	3	3	3	3	3	3	3	3	3	3	3	3	3	3	3	3	3	3	3	3	3	3	3	3	3	3	3	3	3	3	3	3	3	3	3	3	3	3	3	3	3	3	3	3	3	3	3	3	3	3	3	3	3	3	3	3	
