2 2 2 2 2 2 2 10 2 2 2 2 2 2 2 2 10 2 2 2 2 2 2 2 10 2 2 2 2 2 2 2 2 2 2 2 2 2 2 2 2 2 2 2 2 25 25 2 2 2 25 4 31 28 31 31 24 14 14 29 24 24 14 4 4 10 4 29 4 4 4 2 4 25 4 25 10 25 2 2 2 25 2 2 25 25 2 2 2 25 2 25 2 25 25 25 25 25 27 4 
25 2 2 25 2 2 25 2 2 2 2 25 25 25 2 25 2 2 2 25 25 25 2 2 2 2 25 27 2 2 2 25 2 2 2 2 2 2 2 2 2 4 28 12 11 11 16 23 29 29 24 14 4 4 4 4 4 4 4 4 27 27 2 4 25 2 25 2 2 2 27 2 2 25 25 2 25 2 2 2 25 25 25 27 25 25 25 3 25 25 26 25 25 2 25 2 25 2 25 25 
2 27 2 2 2 2 2 2 10 2 27 2 2 2 10 2 2 2 2 2 2 10 10 10 2 2 2 2 2 2 25 2 2 2 2 2 31 28 28 28 28 16 20 23 20 23 23 4 4 4 7 29 4 4 4 4 27 27 2 2 2 2 25 2 2 2 2 2 2 2 2 2 25 2 2 2 1 2 2 2 2 2 2 2 2 2 2 2 2 2 27 2 2 2 2 2 2 2 25 25 
27 2 2 2 27 2 2 2 2 2 2 2 2 2 2 2 2 10 2 25 2 2 2 2 2 2 2 2 2 2 2 2 2 2 2 2 2 2 2 2 27 2 2 2 2 2 4 28 28 12 12 16 14 23 23 20 20 14 14 4 4 4 31 4 4 4 4 4 4 27 2 2 2 2 2 2 2 2 2 2 2 2 2 2 2 2 2 27 2 2 2 27 2 2 2 2 2 2 2 2 
2 2 2 2 2 27 2 2 2 2 2 2 2 2 2 2 2 2 2 2 27 2 2 2 2 2 10 2 2 2 2 2 2 2 2 27 2 2 2 2 2 2 2 4 28 28 28 14 28 16 20 23 22 23 14 16 29 4 4 31 4 4 4 4 2 2 2 2 2 2 2 2 2 2 2 2 2 2 2 2 2 2 2 10 10 2 2 2 2 2 25 2 2 2 13 10 25 2 2 2 
2 2 2 2 2 2 2 10 2 2 2 2 2 2 2 2 10 2 2 2 2 2 2 2 10 2 2 2 2 2 2 2 2 2 2 2 2 2 2 2 2 10 2 2 2 2 2 2 2 2 31 28 28 31 31 11 21 31 4 30 31 4 29 29 14 4 29 7 4 4 29 29 29 4 4 4 4 28 4 2 4 2 2 2 2 2 2 2 2 27 2 2 2 2 2 2 10 2 2 2 
2 2 4 27 2 2 2 2 2 2 2 2 2 2 2 2 2 2 2 2 2 2 2 2 2 2 10 2 2 2 2 2 2 25 4 28 12 12 11 11 20 23 23 31 14 4 4 4 4 4 4 4 4 4 4 4 2 26 2 2 2 2 2 25 2 2 2 2 2 2 2 2 2 2 27 2 2 2 27 2 2 2 2 2 2 2 2 2 2 27 2 2 2 2 2 2 2 2 2 2 
2 2 2 2 2 2 2 10 2 2 2 2 2 2 2 2 10 2 2 2 2 2 2 2 10 2 2 2 2 2 2 2 2 2 2 2 2 2 2 2 2 2 2 2 2 2 11 11 16 23 14 31 31 4 4 4 4 4 4 31 4 4 28 4 4 28 4 27 2 2 2 2 2 2 2 2 27 2 2 2 2 2 27 2 10 10 1 2 2 2 2 2 2 2 2 2 2 2 2 27 
2 2 2 2 2 2 2 10 2 2 2 2 2 2 2 2 10 2 9 2 2 2 2 2 10 2 2 2 2 2 2 2 2 2 2 2 2 2 2 2 2 2 2 2 2 2 4 4 2 31 12 16 17 9 19 14 4 4 4 4 4 4 23 23 14 4 29 4 4 4 29 29 29 29 4 31 4 4 4 2 2 2 2 2 2 2 2 2 2 2 2 2 2 2 2 2 2 2 2 2 
2 2 2 2 2 2 10 2 2 2 2 27 2 2 2 25 2 2 2 2 2 2 27 2 2 2 2 2 2 2 11 2 2 13 2 2 2 10 2 27 2 2 2 2 28 28 28 14 14 23 23 23 18 13 14 13 13 4 4 4 31 28 4 4 28 2 4 25 2 2 2 2 26 2 2 2 2 25 2 2 2 2 2 2 2 2 2 2 2 2 2 2 2 25 2 2 2 2 2 2 
2 2 2 2 2 2 2 10 2 2 2 2 2 2 2 2 10 2 2 2 2 2 2 2 10 2 2 2 2 2 2 2 2 2 2 2 2 2 2 2 2 10 2 25 2 2 2 11 11 14 14 14 24 11 4 4 4 4 4 4 4 4 4 4 2 4 4 2 4 2 2 2 2 25 10 2 2 2 2 2 2 2 2 2 2 2 2 2 2 2 2 2 2 2 2 2 25 25 2 2 
2 2 2 2 2 2 2 10 2 2 2 2 2 2 2 2 10 2 2 2 2 2 2 2 10 2 2 2 2 2 2 2 2 2 2 2 2 2 2 2 2 2 2 2 2 2 31 31 28 11 11 15 23 4 23 23 4 4 4 29 29 4 4 4 4 4 2 2 2 26 2 2 2 2 2 27 3 2 2 2 2 2 2 2 2 2 2 2 2 2 26 2 2 2 2 2 2 2 2 2 
2 2 2 2 2 2 2 2 2 2 2 2 2 2 2 2 2 2 2 2 25 2 25 2 2 2 25 10 2 2 25 2 27 2 2 2 2 25 2 2 2 25 2 2 2 2 2 2 27 26 2 2 2 2 2 2 4 31 28 28 14 16 11 23 8 31 29 20 14 4 4 29 29 29 29 4 4 29 4 4 4 4 2 2 2 2 2 26 2 2 2 2 2 10 2 2 2 2 2 2 
2 2 2 2 2 2 2 10 2 2 2 2 2 2 2 2 10 2 2 2 2 2 2 2 10 2 2 2 2 2 2 2 2 2 2 2 2 2 2 2 2 2 2 2 2 2 2 2 2 4 4 4 12 12 11 11 23 4 4 4 4 4 14 15 31 29 29 4 31 31 4 4 4 4 2 9 27 2 2 10 2 2 2 27 27 2 25 27 2 2 2 2 2 2 2 2 2 2 25 2 
10 26 2 10 25 2 2 10 27 2 2 2 2 2 2 2 2 2 25 2 2 2 2 2 2 2 25 2 27 2 2 2 2 2 2 2 25 2 2 2 25 2 2 2 2 2 2 2 4 28 28 28 14 13 23 23 13 10 10 13 4 4 4 31 4 31 4 4 28 14 28 27 2 25 2 2 2 25 2 2 2 10 2 2 2 2 2 2 2 2 2 2 2 26 2 2 2 2 2 2 
2 2 2 2 2 2 2 10 2 2 2 2 2 2 2 2 10 2 2 2 2 2 2 2 10 2 2 2 2 2 2 2 2 2 2 2 2 2 2 2 2 2 2 2 27 2 27 2 2 2 2 27 2 2 2 2 2 2 2 25 2 2 2 2 2 2 2 2 2 4 28 28 28 11 12 15 11 19 4 4 4 29 23 14 29 29 4 29 29 30 29 4 4 4 4 4 4 2 2 2 
2 2 2 2 2 2 2 10 2 2 2 2 2 2 2 2 10 2 2 2 2 2 2 2 10 2 2 2 2 2 2 2 2 2 2 2 2 2 2 2 2 10 2 2 2 2 2 2 2 2 27 2 2 2 2 2 2 2 2 4 28 28 12 28 28 28 14 14 4 31 14 14 14 29 7 7 29 29 29 4 4 4 2 2 2 2 2 2 2 2 25 10 2 2 2 2 2 2 2 2 
2 2 2 2 2 2 2 10 2 2 2 2 2 2 2 2 10 2 2 2 2 2 2 2 10 2 2 2 2 2 2 2 2 2 2 2 2 2 2 2 2 10 2 2 2 2 10 2 2 2 2 2 2 2 2 2 2 2 2 2 2 2 2 4 11 11 28 11 28 28 14 13 23 23 23 13 13 14 27 4 4 7 3 3 3 3 7 7 31 4 4 4 4 2 26 2 2 2 2 2 
2 2 2 2 2 2 2 10 2 2 2 2 9 2 2 2 25 2 2 2 2 2 2 2 10 2 2 2 2 2 2 2 2 10 2 2 2 2 10 2 2 10 2 2 2 25 25 2 4 4 28 28 28 28 10 11 23 23 23 6 23 15 16 11 23 29 7 7 7 7 7 29 29 4 4 4 4 4 4 4 2 2 2 2 27 2 2 2 2 2 2 2 2 2 27 2 2 2 2 2 
2 2 2 2 2 2 2 2 2 2 2 2 2 2 2 27 2 2 2 2 2 2 2 2 2 2 2 2 2 2 2 2 27 2 27 2 2 2 2 2 2 10 2 4 4 27 28 12 12 12 11 20 18 18 23 13 16 11 27 29 29 7 7 4 4 31 4 4 4 4 4 2 27 2 2 2 2 2 2 2 2 2 2 2 2 2 2 2 1 2 2 2 2 10 25 2 2 2 2 27 
