-----------------------------------------------------------
                         Digit 7
-----------------------------------------------------------
Reading Samples/Digit 7/A_7.txt for A matrix
Reading Samples/Digit 7/B_7.txt for B matrix
Reading Samples/Digit 7/obs_seq_7.txt for observation sequences
Reading Samples/Digit 7/Pi_7.txt for Pi

Observation Sequence:
32 28 28 12 12 32 32 12 12 12 31 24 32 32 31 31 12 12 14 13 13 13 13 13 13 13 13 13 10 10 10 10 9 9 9 9 9 9 9 9 9 9 9 9 9 10 10 10 10 10 10 10 10 10 10 10 10 10 10 10 10 10 10 10 10 10 10 10 9 9 9 10 10 10 10 10 10 10 10 10 13 13 13 13 13 
Probability of Observation Sequence Given the model Lambda-
1.67245e-072

Value of P_*:1.37404e-073
q_*:
1	1	1	1	1	1	1	1	1	1	2	2	2	2	2	2	2	2	3	4	4	4	4	4	4	4	4	4	4	4	4	4	4	4	4	4	4	4	4	4	4	4	4	4	4	5	5	5	5	5	5	5	5	5	5	5	5	5	5	5	5	5	5	5	5	5	5	5	5	5	5	5	5	5	5	5	5	5	5	5	5	5	5	5	5	

Observation Sequence:
13 13 13 13 2 2 2 3 3 2 2 9 9 2 1 1 1 1 1 10 10 10 10 10 10 10 10 10 10 10 10 10 10 10 10 10 10 10 10 9 9 9 13 13 13 13 13 13 13 13 13 13 13 13 13 13 13 13 13 13 13 10 10 10 10 10 10 10 10 10 10 10 10 12 12 12 12 12 12 12 12 12 12 12 12 
Probability of Observation Sequence Given the model Lambda-
2.4141e-063

Value of P_*:2.18465e-064
q_*:
1	1	1	1	2	2	2	2	2	2	2	2	2	2	2	2	2	2	2	3	3	3	3	3	3	3	3	3	3	3	3	3	3	3	3	3	3	3	3	4	4	4	4	4	4	4	4	4	4	4	4	4	4	4	4	4	4	4	4	4	4	5	5	5	5	5	5	5	5	5	5	5	5	5	5	5	5	5	5	5	5	5	5	5	5	

Observation Sequence:
11 11 10 10 11 11 11 11 11 11 25 2 11 11 2 10 26 26 2 11 11 26 2 11 26 11 11 11 11 11 11 13 13 13 13 10 10 10 10 1 1 1 1 1 1 1 1 1 1 1 1 1 1 9 9 10 10 10 10 10 10 10 10 10 10 10 10 10 10 10 10 10 10 10 10 10 10 10 13 13 13 13 13 13 13 
Probability of Observation Sequence Given the model Lambda-
3.87602e-086

Value of P_*:5.71346e-088
q_*:
1	2	2	2	2	2	2	2	2	2	2	2	2	2	2	3	3	3	3	3	3	3	3	3	3	3	3	3	3	3	3	4	4	4	4	5	5	5	5	5	5	5	5	5	5	5	5	5	5	5	5	5	5	5	5	5	5	5	5	5	5	5	5	5	5	5	5	5	5	5	5	5	5	5	5	5	5	5	5	5	5	5	5	5	5	

Observation Sequence:
1 1 1 1 1 1 1 9 9 9 10 10 10 10 10 10 10 10 10 10 10 10 10 10 10 10 10 9 9 9 9 9 13 13 13 13 13 13 13 13 13 13 13 9 13 13 13 9 9 9 10 10 10 10 10 10 10 13 13 13 12 10 3 3 3 3 13 6 29 12 12 12 12 12 12 12 12 12 12 12 12 12 12 12 12 
Probability of Observation Sequence Given the model Lambda-
4.68702e-058

Value of P_*:5.943e-059
q_*:
1	1	1	1	1	1	1	2	2	2	3	3	3	3	3	3	3	3	3	3	3	3	3	3	3	3	3	4	4	4	4	4	4	4	4	4	4	4	4	4	4	4	4	4	4	4	4	4	4	4	5	5	5	5	5	5	5	5	5	5	5	5	5	5	5	5	5	5	5	5	5	5	5	5	5	5	5	5	5	5	5	5	5	5	5	

Observation Sequence:
28 11 11 28 31 32 31 28 31 31 28 28 28 28 28 11 11 11 11 11 14 14 11 13 13 13 13 10 10 10 10 10 9 9 1 1 1 1 1 1 1 9 9 9 10 10 10 10 10 10 10 10 27 10 10 10 10 10 10 10 10 10 10 10 10 10 9 10 10 9 9 9 9 9 9 9 9 10 9 9 9 9 10 10 10 
Probability of Observation Sequence Given the model Lambda-
2.38423e-082

Value of P_*:2.17714e-084
q_*:
1	1	1	1	2	2	2	2	2	2	3	3	3	3	3	3	3	3	3	3	3	3	3	4	4	4	4	4	4	4	4	4	4	4	5	5	5	5	5	5	5	5	5	5	5	5	5	5	5	5	5	5	5	5	5	5	5	5	5	5	5	5	5	5	5	5	5	5	5	5	5	5	5	5	5	5	5	5	5	5	5	5	5	5	5	
