32 30 29 31 22 22 20 16 16 16 23 22 18 16 16 22 18 31 31 6 9 6 2 2 2 2 2 2 1 9 9 9 9 9 9 9 9 13 13 17 17 10 16 16 16 19 18 20 16 16 16 18 16 22 16 16 16 22 24 16 16 16 16 22 23 20 18 16 16 22 20 20 16 19 16 22 20 19 22 16 16 18 18 18 16 16 16 22 22 22 16 16 16 22 22 24 22 16 16 16 
32 30 29 31 18 18 18 16 16 18 18 22 20 16 16 18 18 18 22 16 16 22 8 20 22 16 16 16 22 23 16 16 16 23 24 18 22 16 16 16 20 22 20 16 16 16 16 18 22 16 16 22 20 20 22 22 20 16 22 18 20 6 6 6 6 6 2 2 2 2 2 2 2 9 9 9 9 9 9 9 9 9 9 9 10 10 10 19 23 16 20 16 18 20 20 16 16 20 22 22 
32 30 29 31 20 20 18 20 20 18 23 10 23 18 18 23 18 10 24 10 9 12 6 2 2 2 2 2 9 9 9 9 9 9 9 9 9 9 9 9 17 17 10 10 18 10 17 10 10 17 18 17 17 10 23 10 10 17 17 17 17 10 17 17 10 17 10 10 17 10 17 18 10 10 17 23 23 17 17 10 18 23 23 10 23 17 17 17 17 23 20 20 10 10 10 17 17 18 10 23 
32 30 29 31 22 23 10 15 23 22 19 20 22 22 22 22 22 6 6 12 12 12 6 2 2 2 2 2 2 2 9 9 9 9 9 9 9 9 17 17 18 10 18 22 16 20 20 18 20 22 20 22 22 24 22 22 22 23 20 18 22 20 22 23 22 22 18 22 20 18 20 18 22 20 20 20 22 20 22 20 23 22 22 20 20 22 22 20 22 22 20 18 18 31 20 20 23 20 22 22 
32 30 29 31 20 23 22 22 22 18 22 22 27 8 18 22 22 22 22 32 6 6 6 2 2 2 2 2 2 2 1 1 9 9 9 9 9 9 9 17 18 17 23 23 18 22 22 24 22 18 20 22 20 23 22 18 22 22 18 20 22 18 20 18 20 20 18 22 18 18 22 18 18 22 22 18 18 27 23 22 18 20 23 22 22 23 24 20 18 20 18 18 20 22 18 10 22 20 22 20 
32 30 29 31 22 22 23 22 22 23 22 22 22 22 16 24 22 24 22 6 6 6 6 6 6 2 2 2 2 2 2 2 1 9 9 9 9 9 9 9 9 17 17 18 19 22 22 23 18 22 22 22 18 22 18 18 22 27 16 18 22 22 22 22 18 22 22 20 22 22 22 18 23 22 18 10 18 22 18 18 18 23 18 22 22 18 22 22 16 18 22 18 18 22 22 18 22 22 22 22 
32 30 29 32 16 18 18 22 22 22 22 6 22 22 20 23 6 6 6 6 6 2 2 2 2 2 2 2 9 9 9 9 9 9 9 9 9 17 17 17 18 23 22 18 18 16 22 18 22 22 22 18 23 22 22 22 10 22 18 24 22 18 22 22 22 20 22 18 22 22 22 22 20 22 22 22 20 22 22 20 23 23 18 20 27 18 22 18 20 22 23 22 22 18 22 18 22 22 22 18 
32 30 29 30 22 23 18 23 22 22 23 20 22 22 18 6 6 12 12 12 12 6 2 2 2 2 2 2 2 2 2 2 2 2 9 2 9 9 9 9 9 9 9 9 17 17 17 10 22 22 23 22 23 18 22 23 18 23 23 18 18 18 23 18 17 18 22 23 16 18 22 22 22 23 22 22 22 18 23 18 22 23 18 23 18 20 18 23 23 18 18 23 18 22 18 23 22 18 18 20 
32 30 29 31 23 23 18 22 23 22 22 22 24 22 6 31 12 12 12 6 2 2 2 2 2 2 2 2 2 2 2 2 9 9 9 9 9 9 9 9 9 9 3 17 18 17 18 22 22 18 22 18 22 16 22 18 22 20 18 22 22 18 18 20 22 22 20 22 22 22 18 18 22 20 18 22 18 22 22 18 22 17 22 22 18 22 22 18 18 22 22 23 23 23 20 18 23 22 18 20 
32 30 29 31 23 22 23 18 20 5 18 22 23 22 6 6 6 12 12 6 6 2 2 2 2 2 2 2 2 2 2 9 9 9 9 9 9 9 9 9 9 17 17 16 18 18 16 18 18 18 18 18 20 20 23 22 22 18 23 18 18 22 17 18 18 18 18 20 18 18 22 23 20 22 18 22 22 18 18 18 18 22 18 18 18 10 22 23 18 10 16 20 23 20 18 18 20 18 10 22 
