32 30 29 31 31 29 32 27 32 32 30 30 31 29 31 28 27 32 30 29 31 31 29 32 27 27 32 30 30 31 29 31 28 27 32 30 29 31 31 29 32 27 18 10 10 17 10 10 10 10 18 10 20 18 10 4 4 4 17 18 28 4 7 3 27 1 1 1 3 17 1 17 17 10 10 23 10 10 18 20 10 10 10 10 10 10 10 20 23 10 10 20 10 10 20 18 10 10 20 10 
18 20 10 20 10 10 9 23 17 13 10 18 18 10 10 10 17 20 10 18 10 10 10 10 20 10 10 17 10 9 10 9 10 10 10 9 9 9 9 9 10 10 10 10 10 20 10 10 9 18 10 9 10 20 10 17 23 23 17 20 10 10 10 10 10 10 10 23 4 4 4 4 4 25 18 3 5 1 1 1 1 3 9 9 13 9 9 17 10 10 13 9 9 17 10 10 10 17 10 9 
17 10 9 10 10 18 18 10 17 10 10 10 10 18 18 17 10 10 10 10 21 17 10 10 10 10 10 9 10 17 10 10 10 18 10 10 10 20 9 17 10 20 4 4 4 18 25 4 3 19 5 1 1 1 3 3 3 9 9 9 17 9 10 17 26 10 27 20 10 20 20 10 10 20 20 10 20 10 20 18 20 20 10 17 20 10 10 10 10 20 9 10 10 20 10 10 20 17 17 20 
20 10 10 17 17 10 10 17 10 18 10 17 9 10 10 10 18 18 18 18 10 10 10 17 10 10 10 10 23 10 10 9 10 10 10 10 10 20 10 9 10 10 10 13 10 10 23 4 4 4 4 18 25 18 4 22 18 1 1 1 1 3 1 1 9 9 9 9 10 10 10 10 10 20 10 10 21 10 20 20 10 23 20 10 10 9 10 10 16 17 10 20 10 9 10 10 18 10 18 18 
17 10 10 17 10 18 10 10 9 10 10 10 10 10 9 10 10 9 9 9 10 10 10 10 10 20 10 23 10 10 10 10 21 10 10 9 9 10 22 4 4 4 18 25 23 10 10 17 1 1 1 3 3 9 9 9 9 17 17 10 10 10 10 10 10 17 10 10 10 10 18 10 17 9 17 21 10 10 20 10 19 10 10 18 10 10 20 10 10 18 10 17 10 17 10 18 17 17 10 10 
23 20 20 10 14 17 10 10 10 10 10 23 20 10 17 10 17 17 10 10 19 23 23 10 17 17 9 10 9 10 10 24 17 20 10 10 16 10 20 32 4 4 1 18 25 4 20 27 4 1 1 1 3 3 3 9 9 9 9 17 17 17 17 23 18 10 10 18 10 10 23 20 22 10 10 10 20 10 18 18 10 23 18 17 20 20 20 20 10 10 10 10 20 20 10 10 22 18 17 23 
18 10 20 20 23 17 17 18 22 20 23 10 17 23 20 20 10 17 18 23 20 22 20 23 10 20 10 20 20 17 23 23 18 20 20 22 24 4 4 4 18 19 19 13 18 17 1 1 1 3 9 1 9 9 9 17 17 17 17 20 23 18 23 10 22 20 20 10 10 20 20 20 20 20 22 20 18 20 17 10 20 20 20 10 10 20 23 10 20 20 22 23 10 10 18 23 10 10 22 20 
20 10 16 23 17 18 10 10 10 18 17 10 20 20 10 10 20 18 20 10 20 10 20 22 20 22 20 16 20 10 20 10 10 10 10 10 20 10 20 10 27 23 32 4 4 18 23 3 10 19 18 1 1 1 3 9 9 9 9 9 9 17 9 17 17 23 23 10 18 23 20 22 18 22 10 10 20 10 18 20 10 10 10 20 20 20 18 18 10 10 20 18 18 18 18 17 17 17 20 10 
18 20 18 23 17 23 20 10 17 23 20 17 23 20 17 23 23 18 20 10 23 18 23 20 23 23 10 20 23 10 18 20 23 23 23 20 20 20 23 20 20 23 20 20 24 7 4 4 18 25 20 20 20 18 3 1 1 1 1 17 9 17 9 17 23 17 23 23 22 23 22 20 23 20 20 20 23 23 20 23 20 20 23 20 22 20 24 20 20 23 10 23 20 10 20 23 20 23 20 20 
20 27 7 20 23 23 10 20 23 23 23 17 20 19 23 16 20 10 20 23 20 17 24 10 20 23 27 24 24 24 27 20 23 20 18 4 24 4 1 17 25 23 13 17 17 1 1 1 1 9 9 9 9 17 17 17 23 23 23 24 24 23 23 20 24 20 20 20 20 23 24 20 24 20 23 20 10 20 20 22 20 24 20 20 18 18 23 20 23 10 10 23 20 20 23 23 18 23 20 23 
