30 29 29 32 30 29 30 31 30 30 29 29 32 29 30 30 31 30 30 29 32 30 29 30 31 31 30 29 29 32 29 30 30 31 30 30 29 32 30 29 30 31 10 11 11 19 17 11 12 11 23 8 10 11 8 8 11 23 23 12 25 25 26 26 5 6 6 1 1 2 1 1 1 2 7 7 8 8 8 11 8 11 23 10 11 12 12 11 24 11 12 12 11 12 11 12 11 8 11 10 
30 29 29 32 30 29 30 31 30 30 29 29 32 29 30 30 31 30 30 29 32 30 29 10 12 12 23 23 11 23 12 12 23 12 11 12 23 11 12 12 12 11 11 12 10 11 12 24 25 25 25 6 6 1 2 2 3 3 3 7 7 7 7 7 7 7 8 11 8 11 8 12 11 11 10 12 10 10 12 24 11 11 12 11 11 11 12 11 12 11 11 11 11 11 12 11 10 10 11 11 
30 29 29 32 30 29 30 31 30 30 29 29 32 29 30 30 31 30 30 29 32 30 29 30 31 31 30 29 29 32 29 30 30 31 30 30 29 32 30 29 30 31 12 11 11 23 24 24 11 12 24 24 24 24 24 24 11 12 23 12 24 24 24 12 12 11 24 21 12 12 10 12 12 26 26 26 26 26 5 5 6 2 2 2 2 2 2 7 7 3 7 3 8 7 8 11 11 11 8 8 
12 11 11 11 8 24 23 11 23 12 11 12 24 24 11 12 11 11 12 24 12 24 23 11 12 11 11 11 24 8 11 24 23 24 12 12 11 11 12 10 11 24 24 12 10 11 12 11 12 12 24 11 12 11 12 11 10 11 11 23 11 11 24 11 24 24 12 23 12 20 24 24 12 24 12 26 26 26 27 6 6 1 2 2 2 7 7 7 8 8 11 11 11 11 8 11 10 24 11 11 
30 29 29 32 30 29 30 31 30 30 29 29 32 29 30 30 31 30 30 29 32 30 29 11 12 12 23 8 11 23 11 24 12 11 11 11 11 12 11 22 11 11 8 12 11 23 11 25 24 25 25 26 26 5 5 6 6 6 1 2 2 2 2 7 2 2 7 7 7 11 8 8 8 11 11 24 11 23 23 11 12 12 10 12 11 24 8 24 24 12 10 11 11 11 24 24 11 11 11 23 
30 29 29 32 30 29 30 31 30 30 29 29 32 29 30 30 31 30 30 29 32 30 29 30 31 31 30 29 29 32 29 30 30 31 30 30 29 32 30 29 30 24 11 11 24 8 10 12 11 11 11 23 11 24 12 24 20 19 19 26 26 26 5 6 6 1 1 1 2 2 2 7 7 7 8 8 8 11 8 11 11 12 10 11 24 12 11 10 12 11 10 12 12 24 12 12 12 10 11 12 
23 11 11 24 11 26 11 12 12 11 12 12 24 12 23 23 24 11 11 11 11 11 11 24 11 12 11 11 11 11 11 11 11 11 11 11 11 24 24 12 11 11 24 11 11 11 11 11 24 11 11 11 11 12 11 23 12 23 11 11 11 22 22 25 25 25 25 5 5 6 1 1 1 2 2 7 7 7 7 7 8 8 23 11 10 24 11 12 11 23 12 11 23 23 24 23 11 12 12 12 
30 29 29 32 30 29 30 31 30 30 29 29 32 29 30 30 31 30 30 29 32 30 29 12 11 11 8 7 11 11 12 24 24 24 11 11 11 11 11 10 10 25 26 26 26 5 5 6 6 1 1 2 2 2 2 7 7 7 2 7 7 7 8 8 11 11 8 24 11 11 23 24 11 11 8 12 23 11 11 11 12 12 11 24 11 24 12 11 10 23 11 24 23 11 12 11 11 11 24 11 
30 29 29 32 30 29 30 31 30 30 29 29 32 29 30 30 31 30 30 29 32 30 29 30 12 11 11 24 24 24 11 23 23 11 10 12 23 23 11 11 22 25 26 26 22 27 6 6 3 7 2 2 7 7 7 7 7 3 7 7 7 7 7 7 7 7 7 7 7 8 8 8 8 11 11 11 11 11 11 10 11 12 10 11 11 12 12 10 11 12 11 24 12 24 12 24 12 11 10 23 
30 29 29 32 30 29 30 31 30 30 29 29 32 29 30 30 31 30 30 29 32 30 29 30 31 31 30 29 29 32 29 30 30 31 30 30 29 32 30 29 30 31 24 24 12 11 12 12 12 24 11 23 23 11 23 23 20 11 24 23 12 10 11 12 19 26 6 9 6 3 3 7 7 3 3 2 7 7 7 8 7 8 8 11 11 11 23 12 11 11 12 11 11 12 24 12 12 12 12 11 
30 29 29 32 30 29 30 31 30 30 29 29 32 29 30 30 31 30 30 29 32 30 29 30 31 31 30 29 29 32 29 30 30 31 30 30 29 32 30 29 30 10 11 24 23 12 21 20 20 20 22 20 20 22 20 19 18 20 20 20 20 22 20 31 20 25 26 9 6 2 2 2 1 1 2 7 7 8 7 8 8 23 20 10 21 23 23 23 20 19 19 20 22 22 22 23 20 24 22 20 
30 29 29 32 30 29 30 31 30 30 29 29 32 29 30 30 31 30 30 29 32 30 29 30 31 31 19 12 20 20 20 20 23 18 20 22 20 20 20 20 20 24 22 20 20 20 20 22 12 30 20 20 20 20 20 29 25 26 26 5 27 6 2 1 2 2 7 7 7 9 9 21 21 23 10 21 19 18 20 20 22 23 20 20 22 23 20 20 20 20 22 22 20 20 18 20 20 22 22 20 
30 29 29 32 30 29 30 31 30 30 29 29 32 29 30 30 31 30 30 29 32 30 29 19 22 20 20 11 12 12 20 20 23 24 20 21 20 20 24 24 25 26 26 5 6 2 2 2 2 2 2 2 3 7 7 7 7 9 8 10 21 23 23 21 22 19 23 20 21 20 19 20 20 20 12 20 18 22 19 24 20 19 21 20 19 20 20 20 19 21 20 22 23 18 20 20 20 20 21 20 
30 29 29 32 30 29 30 31 30 30 29 29 32 29 30 30 31 30 30 29 32 30 29 30 31 31 30 29 29 32 29 30 30 31 30 30 29 32 30 29 30 31 19 18 22 20 20 20 20 20 19 19 20 20 20 26 6 6 6 6 7 3 3 3 3 3 7 7 7 9 9 19 23 20 12 21 20 20 23 19 21 20 23 24 20 19 20 18 22 22 19 19 22 18 20 19 19 20 20 20 
30 29 29 32 30 29 30 31 30 30 29 29 32 29 30 30 31 30 30 29 32 30 29 30 31 31 30 29 29 32 29 30 30 31 30 30 29 32 30 29 30 18 21 20 20 19 17 20 24 20 20 19 19 18 20 18 18 25 26 26 26 9 6 6 2 2 2 2 2 2 2 2 2 2 2 2 3 2 7 7 7 7 7 7 2 7 7 7 9 9 21 19 19 19 19 19 19 20 22 22 
30 29 29 32 30 29 30 31 30 30 29 29 32 29 30 30 31 30 30 29 32 30 29 22 19 18 24 20 20 10 24 20 20 23 19 20 20 20 20 19 20 19 25 26 26 26 5 6 6 6 2 1 2 2 2 2 7 8 9 12 8 21 19 21 20 20 18 20 19 12 20 17 19 18 20 20 19 18 20 20 19 19 17 20 19 19 18 20 19 19 18 19 19 18 19 19 19 20 19 22 
30 29 29 32 30 29 30 31 30 30 29 29 32 29 30 30 31 30 30 29 32 30 29 20 18 20 20 20 19 20 19 19 23 20 19 18 18 24 19 25 25 26 26 27 9 6 6 2 7 2 2 2 10 7 7 7 8 9 17 9 23 19 19 19 19 23 21 19 19 19 18 20 19 19 12 18 19 20 23 20 20 19 19 20 20 19 19 18 19 20 20 19 18 20 20 20 20 19 22 20 
30 29 29 32 30 29 30 31 30 30 29 29 32 29 30 30 31 30 30 29 32 30 29 20 19 19 20 23 23 10 20 19 19 23 19 20 20 12 23 19 19 20 20 20 20 26 25 21 9 2 2 2 2 2 2 3 7 7 7 7 9 9 9 23 23 17 21 19 20 20 20 18 19 20 22 19 20 19 23 19 20 18 24 18 21 22 19 24 20 19 19 20 18 20 19 18 20 20 21 19 
30 29 29 32 30 29 30 31 30 30 29 29 32 29 30 30 31 30 30 29 32 30 29 20 20 18 19 18 19 18 19 23 23 12 23 18 19 21 18 19 23 19 17 20 26 9 9 9 6 2 3 7 3 7 3 2 7 7 9 9 23 9 8 20 20 21 12 23 20 20 23 19 19 23 23 12 12 24 19 20 19 20 20 22 19 20 20 19 18 18 20 20 12 19 23 20 19 20 24 20 
30 29 29 32 30 29 30 31 30 30 29 29 32 29 30 30 31 30 30 29 32 30 29 18 20 20 20 19 19 10 20 23 19 19 19 20 20 20 23 12 20 20 26 26 27 6 2 7 7 7 7 7 7 7 7 7 8 9 8 23 21 19 23 21 21 19 20 20 19 20 12 20 22 20 21 20 20 20 22 18 12 20 19 20 18 18 19 20 21 20 20 19 20 21 21 18 20 20 22 18 
