32 30 29 31 31 29 32 27 32 32 30 30 31 29 31 28 27 32 30 29 31 31 29 32 27 27 32 30 30 31 29 31 28 27 32 30 29 31 31 29 32 20 15 19 19 19 19 15 19 15 22 19 19 25 25 25 19 19 19 22 19 28 7 7 7 7 7 21 7 21 21 21 10 10 12 13 13 12 12 12 13 19 19 14 15 19 22 15 19 15 23 19 15 15 19 19 19 15 15 19 
32 30 29 31 31 29 32 27 32 32 30 30 31 29 31 28 27 32 30 29 31 31 29 32 30 15 19 22 15 15 19 15 19 19 19 15 15 31 19 15 15 19 22 22 7 7 7 7 7 7 7 4 3 13 13 13 17 19 14 14 19 19 15 14 16 19 15 15 15 22 19 19 15 19 16 15 15 15 18 19 15 15 19 23 19 15 15 19 19 19 15 15 19 20 14 15 15 23 22 19 
19 15 15 19 19 20 19 15 15 23 18 15 15 19 19 15 14 14 19 19 19 15 19 23 19 19 15 19 22 19 15 15 22 19 15 15 15 19 14 19 15 19 19 19 14 19 18 19 15 15 22 20 15 14 15 19 22 15 15 14 19 19 14 15 19 19 15 15 19 23 15 15 19 19 22 15 15 19 25 7 7 7 7 7 7 4 9 9 9 13 13 13 9 14 13 14 19 19 14 14 
16 14 15 19 18 23 19 15 19 22 22 15 15 19 19 22 19 15 14 19 22 19 15 19 19 19 19 15 15 19 23 15 15 15 19 19 15 15 19 19 19 15 14 19 19 19 15 15 15 19 19 15 19 15 19 19 14 19 15 19 19 19 15 22 22 15 15 15 19 16 15 15 19 16 26 15 15 19 20 7 8 8 7 7 7 7 12 9 9 9 13 13 13 13 14 13 19 23 19 15 
32 30 29 31 31 29 32 27 32 32 30 30 31 29 31 28 27 32 30 29 31 31 29 32 27 27 32 30 30 31 29 31 28 27 32 30 29 31 31 29 32 27 19 19 19 14 15 19 19 15 15 15 19 19 15 14 15 20 22 15 15 15 27 27 8 7 8 21 7 7 7 7 7 4 3 3 9 12 12 13 13 13 13 14 14 19 7 15 14 14 19 19 15 14 15 16 27 15 15 14 
32 30 29 31 31 29 32 27 32 32 30 30 31 29 31 28 27 32 30 29 31 31 29 32 20 20 19 15 14 14 14 14 19 19 15 14 15 19 19 15 15 15 19 19 15 15 8 7 7 8 7 8 7 7 7 3 12 3 3 13 9 9 9 13 14 14 14 19 19 15 15 14 19 19 14 15 15 19 19 14 15 15 16 15 15 15 14 19 15 15 15 19 19 15 15 15 15 19 15 15 
15 15 19 19 19 19 15 14 15 19 15 15 14 16 19 15 15 15 19 15 19 15 15 19 19 19 15 15 15 19 15 15 15 19 16 15 15 15 19 22 15 15 15 19 22 14 15 15 15 15 15 22 7 7 8 7 7 7 21 7 4 18 9 9 13 13 13 13 13 13 14 14 19 18 15 15 15 19 14 15 15 15 15 15 15 15 15 19 15 15 19 15 19 15 15 15 19 15 15 15 
32 30 29 31 31 29 32 27 32 32 30 30 31 29 31 28 27 32 30 29 31 31 29 32 27 27 32 30 30 31 29 31 28 27 32 30 29 31 31 29 32 14 15 15 23 19 19 15 15 14 30 15 15 15 15 22 19 15 14 15 20 27 8 8 21 21 8 20 10 9 9 9 13 9 13 9 13 14 13 14 10 15 15 15 15 14 15 15 15 16 15 15 15 15 19 14 14 15 19 19 
32 30 29 31 31 29 32 27 32 32 30 30 31 29 31 28 27 32 30 29 31 31 29 32 27 27 32 30 30 31 29 31 28 27 32 30 29 31 31 29 32 27 15 15 15 19 19 15 15 15 30 15 15 15 19 19 15 15 15 7 7 7 7 7 26 25 4 9 13 13 13 10 14 14 14 19 19 19 14 15 15 19 19 15 15 15 19 15 14 15 15 19 19 15 14 15 19 22 22 15 
32 30 29 31 31 29 32 27 32 32 30 30 31 29 31 28 27 32 30 29 31 31 29 32 22 15 15 15 19 19 14 15 19 19 15 15 15 15 19 15 15 19 14 7 7 7 7 7 28 27 25 3 9 9 13 13 12 13 14 14 14 19 19 15 15 15 32 15 14 14 15 19 15 14 15 19 15 15 15 15 19 15 15 15 19 19 15 15 15 19 19 15 15 14 19 16 15 15 19 19 
