32 30 29 31 31 29 32 27 32 32 30 30 31 29 31 28 27 32 30 29 31 31 29 32 27 27 32 30 30 31 29 31 28 27 32 30 29 31 31 29 32 15 14 19 14 14 19 15 15 14 15 15 19 14 14 14 14 19 16 16 16 1 9 9 1 9 9 21 9 9 13 13 13 9 6 9 2 9 9 9 9 9 9 13 13 13 13 13 14 14 14 19 14 15 15 15 19 18 15 15 
32 30 29 31 31 29 32 27 32 32 30 30 31 29 31 28 27 32 30 29 31 31 29 32 27 27 32 30 30 31 29 31 28 27 32 30 29 31 31 29 32 27 15 15 19 15 15 15 15 15 15 15 15 19 15 15 15 15 20 1 1 1 9 12 21 21 9 9 9 11 9 2 1 2 2 9 9 9 9 13 13 9 13 13 13 13 14 13 14 14 14 19 14 15 15 15 19 15 14 15 
32 30 29 31 31 29 32 27 32 32 30 30 31 29 31 28 27 32 30 29 31 31 29 32 27 27 32 30 30 31 29 31 28 27 32 30 29 31 31 29 32 27 15 15 19 15 14 19 15 15 15 14 19 15 15 15 15 15 15 21 1 1 1 1 9 21 21 9 13 13 13 13 1 1 1 1 3 1 3 9 9 9 13 13 13 13 13 14 15 14 15 15 16 15 15 15 19 19 15 15 
32 30 29 31 31 29 32 27 32 32 30 30 31 29 31 28 27 32 30 29 31 31 29 32 27 27 32 30 30 31 29 31 28 27 32 30 29 31 31 29 32 22 14 15 15 19 15 14 15 15 19 15 15 15 19 15 15 15 15 1 1 17 1 9 10 21 21 13 13 9 13 9 9 9 1 1 1 9 9 9 9 13 13 13 13 13 13 13 14 13 19 15 15 14 19 14 14 16 14 15 
32 30 29 31 31 29 32 27 32 32 30 30 31 29 31 28 27 32 30 29 31 31 29 32 27 27 32 30 30 31 29 31 28 27 32 30 29 31 31 29 32 27 19 19 15 15 14 14 14 14 15 16 15 19 15 15 14 19 15 15 15 15 15 15 26 1 1 1 1 1 9 12 10 21 21 21 9 9 13 13 13 12 9 1 1 1 1 1 1 1 1 1 1 9 1 9 9 9 9 9 
32 30 29 31 31 29 32 27 32 32 30 30 31 29 31 28 27 32 30 29 31 31 29 32 27 27 32 30 30 31 29 31 28 27 32 30 29 31 31 29 32 27 14 18 19 15 14 15 19 19 15 15 15 15 15 1 1 1 1 1 17 10 10 21 10 9 13 14 13 13 13 1 1 1 1 1 1 1 1 1 1 1 13 13 9 9 9 13 13 13 13 13 13 14 14 14 15 14 14 19 
32 30 29 31 31 29 32 27 32 32 30 30 31 29 31 28 27 32 30 29 31 31 29 32 27 27 32 30 30 31 29 31 28 27 32 30 29 31 31 29 32 27 19 15 15 14 14 15 15 15 15 14 19 15 14 15 15 15 14 15 15 14 14 14 1 1 1 1 1 17 23 21 21 21 13 14 13 3 9 1 1 1 1 1 1 1 1 9 13 13 9 9 9 13 13 13 13 14 14 14 
32 30 29 31 31 29 32 27 32 32 30 30 31 29 31 28 27 32 30 29 31 31 29 15 14 15 14 19 14 10 19 14 14 15 19 19 15 15 1 1 1 17 1 9 9 9 10 14 10 21 21 21 9 9 9 13 13 12 9 9 1 1 1 1 1 1 1 17 9 1 1 13 9 9 9 9 9 9 13 13 13 13 13 14 14 18 15 15 14 19 14 14 14 19 15 15 15 14 19 14 
32 30 29 31 31 29 32 27 32 32 30 30 31 29 31 28 27 32 30 29 31 31 29 32 27 27 32 30 30 31 29 31 28 27 32 30 29 31 31 29 32 27 14 15 14 14 19 19 15 14 15 19 14 14 15 15 15 17 1 1 1 1 1 1 9 13 23 10 9 9 9 13 13 14 14 17 17 1 1 1 1 1 1 1 1 1 1 9 13 13 9 9 9 13 13 9 13 13 13 14 
30 30 30 31 31 29 32 27 30 32 30 30 31 29 31 28 27 32 32 29 31 31 30 16 15 19 15 14 15 14 14 15 15 14 14 15 15 15 15 15 15 19 19 19 1 1 17 1 1 9 17 21 9 9 13 13 13 12 9 9 1 1 9 1 1 1 9 9 9 9 9 9 13 13 13 13 13 14 14 15 14 14 14 15 15 14 14 15 19 15 15 15 14 14 14 15 14 15 19 15 
