32 30 29 31 31 29 32 27 32 32 30 30 31 29 31 28 27 32 30 29 31 31 29 32 27 27 32 30 30 31 29 31 28 27 32 30 29 31 31 29 32 23 23 23 23 10 17 17 18 17 18 23 10 17 23 23 3 25 5 7 7 26 7 26 7 9 21 21 21 17 21 17 12 12 12 12 12 12 16 6 17 23 18 22 18 22 23 23 23 23 18 18 10 23 10 18 23 14 19 23 
32 30 29 31 31 29 32 27 32 32 30 30 31 29 31 28 27 32 30 29 31 31 29 32 27 27 32 30 30 31 29 31 28 27 32 30 29 31 31 29 10 10 10 20 23 10 19 19 18 21 10 10 17 23 10 20 20 27 27 26 26 26 19 21 9 21 9 10 10 6 12 20 20 12 18 32 12 12 18 20 19 20 10 10 18 10 10 10 18 10 10 10 18 10 23 10 10 10 17 18 
32 30 29 31 31 29 32 27 32 32 30 30 31 29 31 28 27 32 30 29 31 31 29 32 27 27 32 30 30 31 29 31 28 27 32 30 29 31 31 29 22 18 10 17 20 10 10 10 10 10 10 10 9 18 10 14 29 29 26 26 26 26 8 9 21 21 21 17 18 18 12 21 10 10 12 12 12 10 10 20 10 10 16 18 23 10 10 10 17 10 16 10 10 17 18 10 10 18 23 10 
32 30 29 31 31 29 32 27 32 32 30 30 31 29 31 28 27 32 30 29 31 31 29 32 27 27 32 30 30 31 29 31 28 27 32 30 29 31 31 29 10 10 18 10 10 17 17 17 23 10 10 17 5 5 5 26 26 26 21 9 21 21 21 10 10 20 12 12 12 6 12 12 12 18 23 18 23 10 18 18 16 23 10 18 18 22 18 10 18 18 16 23 23 23 17 17 17 17 17 10 
32 30 29 31 31 29 32 27 32 32 30 30 31 29 31 28 27 32 30 29 31 31 29 32 27 27 32 30 30 31 29 31 28 27 32 30 29 31 31 29 32 18 17 23 23 23 23 18 24 23 20 17 23 12 11 11 5 26 26 26 21 21 21 21 21 21 21 12 12 12 10 6 6 12 12 10 23 23 23 23 23 23 23 23 20 23 23 23 23 23 23 20 20 16 23 23 23 23 20 23 
32 30 29 31 31 29 32 27 32 32 30 30 31 29 31 28 27 32 30 29 31 31 29 32 27 27 32 30 30 31 29 31 28 27 32 30 29 31 31 29 32 10 23 23 23 23 23 23 23 23 23 23 23 27 23 5 5 7 26 24 24 10 9 9 21 21 9 17 4 4 12 12 12 12 12 10 17 17 23 23 17 17 23 10 17 17 17 23 23 23 23 23 23 23 23 23 23 22 23 23 
32 30 29 30 17 23 23 23 23 23 23 23 22 18 22 23 23 18 23 18 23 23 18 18 22 23 23 23 22 23 18 23 18 23 23 18 23 23 23 22 18 23 18 18 23 22 22 14 18 16 18 23 23 23 12 12 12 24 11 26 26 24 8 21 9 21 21 21 21 10 12 6 12 12 12 12 6 12 12 17 17 23 17 18 18 18 18 10 18 22 18 18 17 18 20 24 20 10 10 17 
32 30 29 31 23 18 17 10 23 17 17 17 9 17 17 12 11 11 11 8 11 8 21 9 9 9 9 9 12 12 12 12 12 9 9 12 12 9 12 17 17 17 17 10 17 17 17 17 17 17 17 17 17 17 17 17 17 17 17 17 17 17 17 17 17 17 9 17 9 9 17 17 9 9 17 17 17 17 17 17 9 9 17 17 17 17 17 9 17 9 17 17 17 17 17 9 9 17 10 17 
32 30 29 27 21 23 23 23 23 23 11 14 5 26 26 20 8 21 21 21 21 21 21 11 4 25 4 12 12 12 12 12 20 18 20 18 23 22 18 22 23 23 18 18 18 22 18 18 23 23 17 18 22 18 18 23 23 18 18 23 18 18 23 10 23 18 23 23 23 18 23 23 22 17 17 10 23 18 23 18 18 23 17 18 23 17 23 10 17 17 17 23 18 23 10 23 10 18 23 23 
32 30 29 31 17 17 23 23 23 22 23 18 18 23 23 14 14 14 26 26 14 8 21 21 9 21 21 17 10 20 12 20 12 10 12 12 12 12 10 20 22 23 10 18 16 17 22 23 10 23 18 23 17 18 23 18 16 20 22 20 20 23 22 22 18 18 23 18 20 20 20 10 10 16 10 18 18 17 23 18 23 20 18 17 17 20 23 18 20 22 17 17 23 17 10 23 23 23 18 10 
