32 30 29 31 31 29 32 27 32 32 30 30 31 29 31 28 27 32 30 29 31 31 29 32 27 27 32 30 30 31 29 31 28 27 32 30 29 31 31 29 32 17 18 10 17 10 17 17 17 17 17 17 10 17 9 9 9 9 9 10 8 8 21 8 8 21 21 21 21 17 21 26 27 22 22 23 22 19 10 10 10 17 10 17 18 23 17 17 23 23 23 23 23 10 17 23 10 10 17 17 
32 30 29 31 31 29 32 27 32 32 30 30 31 29 31 28 27 32 30 29 31 31 29 32 27 27 32 30 30 31 29 31 17 17 23 10 9 18 10 17 10 17 17 17 18 18 20 17 9 9 9 9 22 8 7 8 8 21 21 21 10 9 26 26 25 23 22 23 23 17 19 23 18 22 23 17 10 17 17 18 17 23 17 23 17 17 17 10 10 17 17 10 10 10 17 10 17 10 17 10 
32 30 29 31 31 29 32 27 32 32 30 30 31 29 31 28 27 32 30 29 31 31 29 32 17 10 18 18 9 9 17 17 17 23 10 17 10 9 9 9 9 27 8 8 21 21 21 21 21 17 17 25 27 20 18 22 22 23 17 16 17 17 23 18 23 17 10 23 17 10 17 17 17 17 17 9 17 17 17 17 18 17 17 17 10 10 17 17 17 17 17 17 23 16 17 17 17 17 17 10 
32 30 29 31 31 29 32 27 32 32 30 30 31 29 31 28 27 32 30 29 31 31 29 32 16 18 10 17 10 10 10 17 17 17 17 17 27 10 9 9 9 9 19 8 8 21 21 21 21 21 21 26 26 22 22 22 23 23 19 19 22 22 17 23 17 18 23 23 17 18 10 17 18 10 17 20 17 18 17 17 18 17 23 23 17 17 17 23 23 18 18 17 17 20 17 10 17 10 17 9 
32 30 29 31 31 29 32 27 32 32 30 30 31 29 31 28 27 32 30 29 31 31 29 32 18 18 10 18 17 10 17 17 10 10 17 17 17 17 23 17 17 17 23 10 10 10 17 23 18 23 10 18 10 17 10 18 9 9 9 23 19 8 8 21 21 21 21 7 7 27 23 18 23 22 23 18 16 18 18 23 10 18 23 10 18 18 23 23 23 23 17 17 23 17 10 18 18 18 17 17 
32 30 29 31 31 29 32 27 32 32 30 30 31 29 31 28 27 32 30 29 31 31 29 10 17 17 10 17 17 10 18 17 10 10 18 23 17 17 17 17 10 17 18 17 17 18 17 17 17 18 17 17 10 20 17 17 23 10 17 18 10 16 10 19 8 19 15 15 21 9 21 21 10 25 26 27 23 23 22 22 14 18 18 10 23 23 18 23 17 18 18 20 10 17 18 17 17 18 10 23 
32 30 29 31 31 29 32 27 32 32 30 30 31 29 31 28 27 32 30 29 31 31 29 32 17 17 23 18 18 10 23 10 23 20 23 23 20 10 9 9 9 9 26 8 21 21 21 21 9 21 9 17 26 26 22 20 23 18 20 18 10 18 22 18 18 22 23 18 22 22 10 17 10 17 18 18 17 17 10 17 10 23 18 10 23 18 17 17 10 10 18 23 17 17 17 10 17 10 17 10 
32 30 29 31 31 29 32 27 32 32 30 30 31 29 31 28 27 32 30 29 31 31 29 32 27 27 32 30 30 31 29 31 28 27 32 30 29 31 31 29 32 10 17 18 18 18 23 23 23 23 9 9 9 9 9 9 20 27 8 21 21 21 9 9 9 26 26 26 27 23 24 23 18 17 18 18 23 16 10 23 23 17 17 23 23 17 10 23 17 23 23 10 23 10 17 10 17 17 17 17 
32 30 29 31 31 29 32 27 32 32 30 30 31 29 31 28 27 32 30 29 31 31 29 17 17 17 17 17 17 18 18 18 23 19 16 23 23 22 9 9 9 9 9 9 20 27 21 21 21 21 21 21 21 26 26 26 22 27 23 22 23 16 22 10 23 17 17 10 17 23 23 17 10 17 18 18 10 18 10 10 17 10 17 18 17 18 17 9 10 20 18 23 17 10 23 10 18 17 17 10 
32 30 29 31 31 29 32 27 32 32 30 30 31 29 31 28 27 32 30 29 31 31 29 32 27 27 32 30 30 31 29 31 28 27 32 30 29 31 31 29 17 18 10 17 10 18 18 18 18 18 18 17 10 17 18 9 9 9 9 9 9 28 27 8 8 21 21 21 10 18 9 26 25 27 22 22 22 23 18 18 17 18 18 18 17 17 18 18 10 23 17 17 17 9 10 17 10 17 10 17 
