3.382448 0.682107 2.448963 2.611804 2.092084 3.826781 2.506054 -0.562224 0.155965 0.593407 0.245376 0.076249 
3.013073 1.609319 2.635617 2.389185 1.724949 2.329462 1.670619 0.006991 0.533986 0.708999 0.222227 0.022315 
3.332533 2.761663 2.820855 2.507468 2.341475 1.800762 1.415698 0.792483 0.620008 0.298486 0.110988 0.034737 
3.580835 2.993745 3.107521 2.787941 2.078755 1.448803 1.240100 0.446283 0.055234 -0.053301 -0.028442 -0.036927 
1.205760 2.599095 1.342257 0.800548 2.159143 1.264791 3.122640 0.955729 0.716040 0.335929 0.213691 -0.003929 
3.653960 1.527319 1.916924 1.346098 1.790493 2.588513 2.211649 1.008546 0.071964 -0.242654 -0.055555 0.018849 
2.918077 2.297107 2.218246 1.903331 1.922502 1.510976 1.347214 0.929235 0.832678 0.466961 0.269454 0.045051 
2.586218 1.709735 1.943479 1.099180 1.968545 0.845884 1.180793 0.402512 0.765613 0.250497 0.249396 0.025683 
2.971814 1.298920 1.603450 1.077155 2.690912 0.585042 1.216335 1.296093 0.597217 0.290529 0.159223 0.019110 
1.968740 1.343351 1.692240 0.733616 1.313321 0.075671 0.851090 0.307661 0.503624 0.133130 0.172591 0.013874 
2.097372 1.277494 1.482820 0.473220 1.497026 0.755460 1.203434 -0.056825 0.310878 0.141232 0.201847 0.017596 
2.042909 1.160622 1.238942 0.276682 1.430518 0.364644 0.704990 0.108139 0.121467 0.029603 0.200815 0.014080 
3.957196 1.994694 4.197778 2.804934 0.564450 1.214154 -0.498011 -1.631900 0.720517 0.080198 -0.085557 0.058534 
3.965095 2.654929 3.672849 2.704907 0.798093 1.035907 0.625838 -0.500012 0.129151 0.072898 0.052137 -0.001723 
4.330622 2.012374 3.473323 2.652436 0.161496 -0.806047 -0.755417 0.378667 0.655179 -0.245880 0.149681 0.122966 
4.565658 1.700873 2.496009 1.189465 -1.031794 -0.597089 0.533501 1.238434 0.511155 0.054670 0.326168 0.050647 
2.194596 0.168954 0.776124 -0.166982 2.254252 -0.500219 0.129590 1.113698 0.118451 0.366612 -0.032633 -0.007861 
2.263721 0.144536 0.438744 -0.270246 1.610617 -0.586083 0.147351 0.694612 0.176038 0.172201 0.043014 0.019243 
2.333455 0.290686 0.679356 -0.126790 1.933825 -0.023012 0.512343 0.553913 0.094727 0.201693 0.045463 0.011195 
2.419029 0.271055 0.405065 0.251380 1.508048 -0.247908 0.383042 -0.077284 0.380278 0.067477 0.030157 0.030439 
2.359725 0.281217 0.629992 0.304715 1.959777 -0.306026 0.446211 0.708021 0.630250 0.116161 0.008856 0.017859 
2.147788 0.187953 0.433852 0.146589 1.152698 -0.236227 0.344249 0.449488 0.720906 0.025241 0.044677 0.027783 
2.221584 0.918355 1.081100 0.580177 1.777659 0.346052 0.564758 -0.034587 0.632660 0.206902 0.140747 0.010190 
2.042040 0.992486 1.260952 0.283621 1.069712 0.285491 0.753913 -0.346798 0.476630 0.152540 0.136831 0.024690 
-0.046023 -0.841594 -0.772637 -0.765470 -0.024500 -0.943730 2.506750 0.808008 -0.467986 -0.076103 -0.093578 -0.005426 
0.494707 -1.084781 -1.379910 -0.694255 -0.027740 -0.144716 1.503912 0.920539 -0.208303 -0.129760 0.042261 -0.009877 
2.445395 1.471736 1.492718 0.981180 0.595134 1.588541 1.304095 1.546410 1.117258 -0.116238 0.186001 -0.049631 
-0.112480 0.123640 -0.831720 0.279781 -0.749426 0.622749 0.317466 0.946020 0.765505 -0.497290 0.271992 -0.107142 
0.067279 0.102473 -0.144607 -0.124524 0.099874 0.020440 -0.396127 0.147337 -0.197957 0.049775 0.046101 -0.018941 
-0.007766 0.177151 0.073060 -0.105109 -0.078836 0.180608 0.008205 0.038920 -0.044503 0.112360 0.009407 0.011342 
0.176239 0.101954 0.210035 0.140648 -0.046325 -0.066914 0.315774 -0.468660 0.575560 0.284551 0.119712 0.019126 
0.028828 -0.083275 0.278680 0.467579 -0.209265 -0.204638 0.297593 0.055596 -0.237195 0.069920 -0.076578 -0.048868 
