2.899977 1.342104 2.817497 2.477626 2.561214 2.753872 1.188085 -0.602165 1.157260 0.545172 -0.095072 0.013020 
3.661493 0.550386 2.891558 3.435060 1.348598 2.636680 2.610067 -0.124121 -0.572561 0.086523 0.184604 0.009641 
2.522753 1.764736 3.180044 1.313641 0.681453 2.203936 1.992942 0.473268 1.274089 0.431975 -0.224044 0.006238 
3.840084 0.770741 2.244343 0.759348 0.469740 2.553019 0.714226 0.193623 1.103779 0.044692 -0.422026 -0.049776 
-1.861151 -0.264108 2.622750 1.120662 -1.059072 0.258630 3.947664 0.145603 0.312653 0.146107 0.011332 -0.060706 
3.699733 0.039953 0.273229 0.666738 0.639712 1.417418 2.388156 0.816200 -0.411447 -0.249632 -0.165365 -0.054423 
1.536412 0.251646 3.672805 2.152001 -1.118348 0.795761 0.851329 -0.417165 0.899523 0.249709 0.086528 0.018223 
3.762163 1.113651 3.240553 2.865479 -0.710770 -1.134348 0.690996 0.054740 -0.189083 -0.187299 0.138896 0.051998 
2.860638 2.189702 2.357099 1.925272 2.005387 1.595351 1.460334 0.961941 0.858773 0.478740 0.220356 0.048305 
1.911401 1.473987 1.934344 1.234155 1.510739 0.595188 1.060272 0.620906 0.755881 0.240410 0.212956 0.027137 
0.225236 -2.088897 0.803854 3.356323 1.510820 -0.385884 1.156652 1.980283 1.072969 -0.878176 0.238968 0.068778 
3.869442 1.321602 1.465308 0.850321 0.285637 0.830999 1.925596 1.450968 0.792586 0.135784 -0.040924 -0.058021 
2.374072 2.309473 2.774558 1.012920 2.631217 0.497218 1.755331 1.104565 0.607750 0.852161 0.012867 0.065582 
1.461773 1.755212 2.346307 0.393900 2.339221 -0.697554 1.258383 0.732469 0.080427 0.658953 -0.124052 0.060431 
1.274994 1.595573 2.187290 0.080864 2.145959 -0.876161 0.799642 0.326725 -0.175510 0.545155 -0.215943 0.056156 
1.523400 1.006366 1.693108 0.052394 1.722136 0.124131 0.308481 0.522633 0.076646 0.135784 0.161893 -0.024890 
2.069453 1.365312 1.966774 1.181001 2.049684 1.100249 1.034795 0.306086 0.911050 0.167312 0.215472 0.033472 
1.768887 1.154258 1.742749 0.673500 1.442842 0.785992 0.934665 0.046330 0.466090 0.017687 0.163942 0.018329 
1.439383 1.527980 2.144153 0.487066 1.611643 -0.378790 0.849156 0.298696 0.230206 0.456666 -0.054084 0.035967 
1.385940 0.907923 1.442966 0.768948 0.884638 0.138854 0.801204 0.277690 0.530745 0.115774 0.167075 0.024564 
3.348114 2.534403 2.913292 2.008553 1.350508 0.541152 0.393095 -0.189955 0.327207 0.186583 0.092048 0.014079 
1.582227 0.878845 1.431281 0.391651 1.193861 0.223972 0.425820 -0.205347 0.397663 0.014340 0.133508 0.011141 
1.739421 0.700035 1.452758 0.849358 1.677490 0.389741 0.531566 0.080064 0.911296 0.144525 0.128910 0.015076 
1.975938 -0.653674 0.908232 0.316467 0.977815 -0.209901 0.248791 0.100680 0.757404 -0.099763 -0.049805 0.044157 
3.141396 0.602075 1.903419 -0.984323 -0.617980 0.568501 0.600146 0.669317 1.635787 0.340628 -0.101033 0.001427 
2.629126 0.294531 1.846755 -0.249397 -2.144428 -1.511526 0.519397 0.057258 0.514741 0.531535 0.304417 0.048525 
0.386571 0.134217 0.337787 0.176197 -0.010219 -0.098978 0.344276 -0.456670 0.588596 0.308450 0.118458 0.019251 
0.197120 0.528759 0.231244 0.171748 -0.326648 0.346538 -0.473885 -0.131796 0.539519 0.251384 0.110628 -0.035167 
0.032033 0.159160 -0.181359 -0.254717 0.015032 0.069935 -0.442506 0.157684 -0.277529 0.062646 0.030740 -0.006774 
0.100324 -0.005166 -0.022612 -0.002472 0.216258 -0.068761 -0.252286 0.138896 -0.028683 0.057993 0.030577 -0.022245 
0.051245 -0.011644 0.150817 0.163636 -0.334864 -0.097580 0.214543 0.012449 -0.225612 0.076285 -0.031000 -0.046502 
-0.004435 0.196318 0.112538 -0.069658 0.169401 0.294478 0.092895 0.089403 -0.089444 0.083324 0.001588 0.052827 
