32 30 29 31 31 29 32 27 32 32 30 30 31 29 31 28 27 32 30 29 31 31 29 32 27 27 32 30 30 31 29 31 28 27 32 30 29 31 31 29 32 27 21 21 21 21 19 18 22 22 20 11 22 18 20 22 8 8 8 8 12 12 2 2 2 9 9 9 9 9 9 11 11 11 11 11 10 23 23 18 23 20 20 20 20 18 22 10 22 20 22 22 22 18 20 18 20 18 18 22 
20 20 22 20 19 23 18 20 22 22 20 20 18 23 23 27 18 20 22 22 20 22 18 18 22 22 22 22 22 20 22 20 22 22 22 22 22 20 22 22 20 23 8 8 8 8 8 12 12 2 2 9 9 9 9 9 9 11 11 11 11 11 11 20 20 22 22 20 22 18 18 20 20 22 20 22 16 23 22 20 16 18 18 22 22 20 22 20 16 20 20 20 18 22 18 20 20 16 22 18 
27 16 20 18 10 23 10 20 18 18 22 22 20 20 22 32 30 20 16 22 32 22 22 18 22 27 23 22 22 22 20 22 22 22 20 22 22 8 8 8 8 12 9 2 2 2 9 9 9 9 9 11 11 11 11 11 20 23 24 20 20 22 18 16 20 20 22 22 22 20 20 18 27 22 22 20 22 20 17 9 10 9 9 9 9 9 9 17 17 18 17 9 10 18 18 18 20 20 18 18 
18 18 18 19 18 20 22 19 22 22 22 22 20 20 22 32 22 22 23 22 18 20 22 22 20 20 27 22 22 22 22 20 22 22 20 22 22 8 8 8 8 12 10 12 2 2 9 9 9 9 9 11 11 11 11 11 11 20 23 22 20 22 22 18 22 20 23 18 22 18 22 20 22 22 20 22 22 20 20 22 22 27 20 20 20 22 20 22 20 22 23 22 18 22 20 22 22 20 20 20 
20 20 20 22 18 20 23 23 20 18 22 22 20 27 22 18 18 18 18 22 20 20 20 20 20 20 20 30 20 10 22 20 18 20 10 8 8 8 8 8 12 2 2 9 9 9 9 9 9 11 11 11 11 11 18 20 20 20 22 23 22 20 22 18 22 22 22 20 22 20 20 16 22 24 20 22 22 20 22 22 20 18 22 22 22 22 20 16 20 18 20 18 20 20 16 20 20 18 22 20 
32 20 18 10 18 22 23 22 20 10 24 20 22 22 20 18 22 20 22 22 22 20 16 18 18 20 20 22 18 22 22 8 8 8 8 8 12 6 2 2 2 9 9 9 9 11 11 11 11 11 23 24 22 24 22 22 22 22 22 22 20 22 20 20 22 20 22 20 22 20 22 16 22 20 18 10 20 18 20 22 20 22 20 22 22 20 16 22 32 22 32 22 20 20 24 20 22 20 20 20 
20 20 22 28 27 23 20 22 20 24 22 24 22 24 27 20 24 20 20 22 24 24 24 20 20 22 24 22 24 30 20 20 24 27 30 22 27 24 24 20 27 24 22 8 8 8 8 8 12 12 2 2 2 9 9 9 9 11 11 11 11 11 10 24 27 27 20 27 24 27 27 27 20 20 20 24 24 20 24 24 24 27 32 27 20 22 27 20 20 20 30 30 24 27 20 20 30 28 24 22 
24 24 24 23 23 20 22 22 20 24 24 27 24 32 20 24 23 24 24 24 24 20 24 28 24 25 20 20 27 24 20 8 8 8 7 12 12 6 2 9 9 9 9 9 11 11 11 11 11 20 24 20 27 27 24 22 24 20 22 20 23 20 20 20 24 24 23 27 24 24 22 24 22 20 20 20 20 23 20 22 22 20 24 22 23 24 23 20 23 24 16 27 20 23 20 23 23 23 23 20 
10 23 20 22 23 20 23 20 27 18 18 22 24 23 20 19 20 24 23 20 20 24 24 27 23 22 20 20 23 20 8 8 8 8 12 12 2 2 9 9 9 9 9 9 11 11 11 11 11 23 23 20 20 24 24 24 20 20 24 24 20 24 24 20 20 22 28 22 24 24 23 20 23 20 24 20 20 20 20 20 20 20 24 20 24 20 23 24 24 22 20 23 23 22 20 22 22 20 23 22 
24 23 23 20 20 18 20 22 20 18 24 23 27 24 20 28 23 20 20 20 22 23 10 24 20 20 22 24 22 20 20 20 23 22 27 23 24 23 24 24 27 20 20 8 8 8 8 12 10 2 2 2 9 9 9 9 10 11 11 11 11 11 20 20 20 23 24 20 22 20 20 22 20 23 22 20 20 20 20 23 23 18 23 23 18 23 20 23 20 20 10 27 23 20 28 20 20 22 20 30 
