32 30 29 31 31 29 32 27 32 32 30 30 31 29 31 28 27 32 30 29 31 31 29 32 27 27 32 30 30 31 29 31 28 27 32 30 29 31 31 29 32 19 15 14 15 14 15 15 14 14 15 14 14 16 19 15 17 10 14 25 4 4 4 10 13 13 14 14 13 20 10 4 3 3 4 3 3 3 3 3 13 13 13 14 13 14 14 15 22 15 14 15 15 19 19 15 15 15 19 15 
32 30 29 31 31 29 32 27 32 32 30 30 31 29 31 28 27 32 30 29 31 31 29 32 27 27 32 30 30 31 29 31 28 27 32 30 29 31 31 29 32 30 15 15 15 15 19 15 15 15 15 15 15 14 19 19 12 12 12 13 13 13 14 14 12 12 12 4 4 9 3 17 17 13 13 13 13 14 14 14 14 14 14 14 19 14 15 19 14 14 14 14 15 19 19 14 14 15 15 15 
32 30 29 31 31 29 32 27 32 32 30 30 31 29 31 28 27 32 30 29 31 31 29 32 27 27 32 30 30 31 29 31 28 27 32 30 29 31 31 29 32 19 19 16 15 15 14 14 14 15 15 16 19 19 16 15 14 19 19 15 15 12 12 12 12 13 19 19 14 14 15 14 14 10 26 12 4 3 3 9 9 3 9 9 9 9 13 13 13 13 13 14 14 15 14 14 16 19 14 15 
32 30 29 31 31 29 32 27 32 32 30 30 31 29 31 28 27 32 30 29 31 31 29 32 27 27 32 30 30 31 29 31 28 27 32 30 29 31 31 29 32 14 15 15 18 16 15 19 14 15 14 15 19 15 15 14 19 19 15 15 12 25 12 14 13 14 14 3 3 3 3 3 9 3 9 9 9 13 13 13 14 14 14 14 14 14 14 14 14 15 19 15 19 15 14 16 15 15 14 19 
32 30 29 31 31 29 32 27 32 32 30 30 31 29 31 28 27 32 30 29 31 31 29 32 27 27 32 30 30 31 29 31 28 27 32 30 29 31 31 29 32 22 16 15 14 14 19 14 15 14 15 19 14 15 15 14 14 15 15 14 14 19 14 14 15 14 19 19 20 16 25 25 25 25 25 25 14 14 14 19 13 10 10 10 10 7 4 4 3 3 3 3 3 3 3 3 3 3 3 3 
32 30 29 31 31 29 32 27 32 32 30 30 31 29 31 28 27 32 30 29 31 31 29 32 10 20 22 22 16 19 10 19 14 15 15 19 19 15 15 14 16 19 14 26 4 4 4 12 12 19 14 13 20 4 4 4 4 4 3 3 3 3 3 9 3 10 18 10 10 10 19 20 22 16 19 19 19 22 19 20 20 20 18 20 16 23 20 18 19 22 20 20 19 19 18 20 20 20 19 19 
32 30 29 31 31 29 32 27 32 32 30 30 31 29 31 28 27 32 30 29 31 31 29 32 22 10 18 17 10 10 19 14 14 14 19 22 19 15 19 6 4 3 12 10 14 13 10 14 20 3 4 3 3 3 3 3 3 3 13 13 13 13 14 19 19 14 15 19 19 19 15 15 15 18 19 15 15 14 19 19 19 14 14 19 23 14 15 15 19 19 19 14 15 14 19 16 14 15 14 19 
32 30 29 31 31 29 32 27 32 32 30 30 31 29 31 28 27 32 30 29 31 31 29 32 16 19 23 14 14 14 14 15 19 19 14 15 15 14 19 16 15 14 15 19 14 15 27 3 12 12 14 14 14 14 19 23 3 3 4 3 1 3 3 3 3 3 9 3 3 9 14 13 14 10 14 14 14 14 19 15 15 14 19 14 16 14 14 14 19 15 15 14 14 19 15 14 14 14 19 14 
32 30 29 31 31 29 32 27 32 32 30 30 31 29 31 28 27 32 30 29 31 31 29 18 15 14 19 19 14 10 13 13 19 14 15 15 14 19 19 14 15 27 27 4 25 25 13 25 15 15 14 19 19 14 20 21 17 3 4 3 3 1 3 3 3 3 3 3 9 3 3 9 9 9 13 9 13 13 13 14 14 14 14 14 15 19 14 15 15 14 19 14 14 14 15 19 15 14 14 14 
32 30 29 31 31 29 32 27 32 32 30 30 31 29 31 28 27 32 30 29 31 31 29 32 27 27 32 30 30 31 29 31 28 27 32 30 29 31 31 29 32 19 15 15 15 15 15 15 19 19 14 14 14 15 15 15 14 14 10 19 14 15 14 19 14 24 25 12 12 14 14 14 14 14 14 13 25 4 3 3 3 1 3 3 3 3 3 9 9 9 13 13 14 14 14 14 14 14 15 14 
