32 30 30 31 32 29 28 27 32 32 30 30 31 29 30 28 27 32 30 29 31 31 29 32 27 27 31 30 30 31 29 31 28 27 32 30 30 31 31 29 32 27 20 22 20 10 10 10 17 18 17 17 17 18 17 17 18 18 17 16 10 4 4 12 4 4 4 12 18 17 17 17 25 25 12 18 10 14 18 18 17 18 23 17 17 18 18 17 17 18 17 23 17 17 18 17 18 18 17 17 
32 30 29 31 31 29 32 27 32 32 30 30 31 29 31 28 27 32 30 29 31 31 29 32 27 27 32 30 30 31 29 31 28 27 32 30 29 31 31 29 32 17 17 10 17 23 18 17 17 17 18 17 17 23 10 14 17 22 6 6 12 6 4 18 18 18 17 17 18 12 12 23 23 23 23 23 18 18 19 10 17 18 23 23 17 10 17 17 17 17 10 17 17 17 18 17 17 23 18 17 
32 30 29 31 31 29 32 27 32 32 30 30 31 29 31 28 27 32 30 29 31 31 29 17 17 17 17 10 21 21 17 18 17 23 17 23 18 10 10 17 23 17 23 21 6 6 6 6 18 18 18 18 17 18 10 17 17 23 23 18 18 23 17 17 10 18 17 17 17 17 17 17 17 17 18 23 10 17 17 17 23 23 17 17 17 17 10 23 10 23 17 23 10 23 17 18 17 10 10 17 
32 30 29 31 31 29 32 27 32 32 30 30 31 29 31 28 27 32 30 29 31 31 29 32 27 18 18 23 18 18 18 10 17 10 17 17 17 10 23 17 14 17 17 17 10 10 2 6 6 6 6 18 18 18 18 18 18 12 23 17 23 23 23 23 23 17 17 17 23 17 17 10 17 17 18 23 17 17 17 17 17 17 17 17 17 17 20 23 23 17 17 17 17 17 17 17 17 17 17 17 
17 9 18 17 10 17 17 17 17 17 17 23 23 10 17 17 17 17 17 18 10 17 17 18 17 17 17 23 17 17 17 17 17 17 17 17 17 17 10 13 17 17 3 17 17 17 17 17 17 18 17 17 17 23 17 17 17 17 17 17 10 23 17 17 18 17 1 4 4 4 4 16 18 17 18 21 10 12 10 17 23 18 22 22 18 17 17 17 17 17 23 17 10 17 23 17 17 17 17 17 
32 30 29 31 31 29 32 27 32 32 30 30 31 29 31 28 27 32 30 29 31 31 29 32 27 27 32 30 29 31 29 31 28 27 32 30 29 31 31 29 32 27 17 19 23 17 10 10 18 18 22 17 17 18 20 10 3 3 20 4 4 4 4 17 3 17 17 18 10 23 17 10 18 18 23 19 23 23 17 17 17 18 18 18 18 17 17 18 18 10 10 17 17 17 18 10 17 17 18 18 
32 30 29 31 31 29 32 27 32 32 30 30 31 29 31 28 27 32 30 29 31 31 29 17 17 18 18 18 17 4 17 23 17 23 17 23 17 17 17 17 17 18 10 18 17 23 6 6 6 6 4 12 12 18 18 12 12 17 10 23 18 23 17 18 14 23 10 17 23 17 23 23 17 17 18 23 17 17 17 10 17 17 23 17 17 17 17 10 17 10 18 17 17 17 17 23 23 22 17 9 
32 30 29 31 31 29 32 27 32 32 30 30 31 29 31 28 27 32 30 29 31 31 29 32 27 27 31 30 30 31 29 31 17 17 17 17 10 10 18 23 23 17 17 1 6 6 6 4 6 6 17 17 18 17 23 23 17 23 17 10 17 17 17 17 17 17 17 23 17 17 10 17 17 17 10 10 17 23 17 18 18 17 17 17 17 17 17 17 23 17 17 17 18 17 17 17 17 17 17 17 
32 30 29 31 31 29 32 27 32 32 30 30 31 29 31 28 27 32 30 29 31 31 29 32 27 27 32 30 30 31 29 31 28 27 32 30 29 31 31 29 32 18 17 17 17 18 23 17 10 10 23 10 17 10 10 17 10 23 21 1 4 3 12 4 17 6 17 6 17 6 17 6 17 6 17 6 19 17 17 10 17 10 23 10 17 17 10 17 17 23 18 17 17 10 17 17 17 17 17 17 
17 9 17 17 17 23 17 17 17 16 10 10 17 17 10 17 23 17 17 17 17 17 17 18 18 17 23 9 17 10 17 17 18 17 17 17 23 17 17 10 17 17 17 10 17 18 17 17 23 17 17 18 18 10 17 17 17 17 23 18 17 17 10 17 9 17 17 17 18 17 22 10 17 23 21 18 6 6 6 6 6 18 17 18 17 12 4 12 17 23 17 23 18 23 10 23 17 18 17 18 
